{
 "cells": [
  {
   "cell_type": "code",
   "execution_count": 1,
   "metadata": {
    "collapsed": true
   },
   "outputs": [],
   "source": [
    "from dipy.reconst.dti import fractional_anisotropy, color_fa\n",
    "from argparse import ArgumentParser\n",
    "from scipy import ndimage\n",
    "import os\n",
    "import re\n",
    "import numpy as np\n",
    "import nibabel as nb\n",
    "import sys\n",
    "import matplotlib\n",
    "\n",
    "matplotlib.use('Agg')  # very important above pyplot import\n",
    "import matplotlib.pyplot as plt"
   ]
  },
  {
   "cell_type": "code",
   "execution_count": 2,
   "metadata": {
    "collapsed": true
   },
   "outputs": [],
   "source": [
    "import vtk"
   ]
  },
  {
   "cell_type": "code",
   "execution_count": 3,
   "metadata": {
    "collapsed": true
   },
   "outputs": [],
   "source": [
    "from dipy.reconst.dti import from_lower_triangular"
   ]
  },
  {
   "cell_type": "code",
   "execution_count": 4,
   "metadata": {
    "collapsed": false
   },
   "outputs": [],
   "source": [
    "img = nb.load('../../../../../Desktop/result/dogsig1_gausig2.3/v100_ch0_tensorfsl_dogsig1_gausig2.3.nii')"
   ]
  },
  {
   "cell_type": "code",
   "execution_count": 5,
   "metadata": {
    "collapsed": false
   },
   "outputs": [],
   "source": [
    "data = img.get_data()"
   ]
  },
  {
   "cell_type": "code",
   "execution_count": 6,
   "metadata": {
    "collapsed": false
   },
   "outputs": [],
   "source": [
    "output = from_lower_triangular(data)"
   ]
  },
  {
   "cell_type": "code",
   "execution_count": 7,
   "metadata": {
    "collapsed": true
   },
   "outputs": [],
   "source": [
    "output_ds = output[4250:4275, 250:275, :, :, :]"
   ]
  },
  {
   "cell_type": "code",
   "execution_count": 8,
   "metadata": {
    "collapsed": false
   },
   "outputs": [
    {
     "name": "stdout",
     "output_type": "stream",
     "text": [
      "(5000, 5000, 5, 3, 3)\n",
      "(25, 25, 5, 3, 3)\n"
     ]
    }
   ],
   "source": [
    "print output.shape\n",
    "print output_ds.shape"
   ]
  },
  {
   "cell_type": "code",
   "execution_count": 9,
   "metadata": {
    "collapsed": true
   },
   "outputs": [],
   "source": [
    "FA = fractional_anisotropy(output_ds)"
   ]
  },
  {
   "cell_type": "code",
   "execution_count": 10,
   "metadata": {
    "collapsed": true
   },
   "outputs": [],
   "source": [
    "FA = np.clip(FA, 0, 1)"
   ]
  },
  {
   "cell_type": "code",
   "execution_count": 11,
   "metadata": {
    "collapsed": true
   },
   "outputs": [],
   "source": [
    "FA[np.isnan(FA)] = 0"
   ]
  },
  {
   "cell_type": "code",
   "execution_count": 12,
   "metadata": {
    "collapsed": false
   },
   "outputs": [
    {
     "name": "stdout",
     "output_type": "stream",
     "text": [
      "(25, 25, 5, 3)\n"
     ]
    }
   ],
   "source": [
    "print FA.shape"
   ]
  },
  {
   "cell_type": "code",
   "execution_count": 13,
   "metadata": {
    "collapsed": true
   },
   "outputs": [],
   "source": [
    "from dipy.reconst.dti import decompose_tensor"
   ]
  },
  {
   "cell_type": "code",
   "execution_count": 14,
   "metadata": {
    "collapsed": false
   },
   "outputs": [],
   "source": [
    "evalues, evectors = decompose_tensor(output_ds)"
   ]
  },
  {
   "cell_type": "code",
   "execution_count": 15,
   "metadata": {
    "collapsed": false
   },
   "outputs": [
    {
     "name": "stdout",
     "output_type": "stream",
     "text": [
      "(25, 25, 5)\n",
      "(3, 3)\n"
     ]
    }
   ],
   "source": [
    "print evectors[..., 0, 0].shape\n",
    "print evectors.shape[-2:]"
   ]
  },
  {
   "cell_type": "code",
   "execution_count": 16,
   "metadata": {
    "collapsed": false
   },
   "outputs": [
    {
     "name": "stdout",
     "output_type": "stream",
     "text": [
      "(25, 25, 5)\n"
     ]
    }
   ],
   "source": [
    "print FA[:, :, :, 0].shape"
   ]
  },
  {
   "cell_type": "code",
   "execution_count": 17,
   "metadata": {
    "collapsed": false
   },
   "outputs": [],
   "source": [
    "## To satisfy requirements for RGB\n",
    "RGB = color_fa(FA[:, :, :, 0], evectors)"
   ]
  },
  {
   "cell_type": "code",
   "execution_count": 18,
   "metadata": {
    "collapsed": false
   },
   "outputs": [
    {
     "name": "stderr",
     "output_type": "stream",
     "text": [
      "/Users/Tony/anaconda/lib/python2.7/site-packages/ipykernel/__main__.py:1: DeprecationWarning: get_affine method is deprecated.\n",
      "Please use the ``img.affine`` property instead.\n",
      "\n",
      "* deprecated from version: 2.1\n",
      "* Will raise <class 'nibabel.deprecator.ExpiredDeprecationError'> as of version: 4.0\n",
      "  if __name__ == '__main__':\n"
     ]
    }
   ],
   "source": [
    "nb.save(nb.Nifti1Image(np.array(255 * RGB, 'uint8'), img.get_affine()), 'tensor_rgb_upper.nii.gz')"
   ]
  },
  {
   "cell_type": "code",
   "execution_count": 19,
   "metadata": {
    "collapsed": false
   },
   "outputs": [
    {
     "name": "stdout",
     "output_type": "stream",
     "text": [
      "Computing tensor ellipsoids in a random part\n"
     ]
    }
   ],
   "source": [
    "print('Computing tensor ellipsoids in a random part')\n",
    "\n",
    "from dipy.data import get_sphere\n",
    "sphere = get_sphere('symmetric724')\n",
    "\n",
    "from dipy.viz import fvtk"
   ]
  },
  {
   "cell_type": "code",
   "execution_count": 20,
   "metadata": {
    "collapsed": false
   },
   "outputs": [],
   "source": [
    "ren = fvtk.ren()\n",
    "evals = evalues[:, :, :]\n",
    "evecs = evectors[:, :, :]"
   ]
  },
  {
   "cell_type": "code",
   "execution_count": 21,
   "metadata": {
    "collapsed": false
   },
   "outputs": [
    {
     "name": "stdout",
     "output_type": "stream",
     "text": [
      "printing evals:\n",
      "[[[[  4.04815796e+02   6.71246946e-01   3.34904611e-01]]\n",
      "\n",
      "  [[  4.05594604e+02   7.39884377e-01   2.40310207e-02]]\n",
      "\n",
      "  [[  4.05597260e+02   8.02492619e-01   0.00000000e+00]]\n",
      "\n",
      "  [[  4.05154999e+02   8.35228443e-01   0.00000000e+00]]\n",
      "\n",
      "  [[  4.04704437e+02   8.32714379e-01   0.00000000e+00]]\n",
      "\n",
      "  [[  4.04552765e+02   8.14403176e-01   0.00000000e+00]]\n",
      "\n",
      "  [[  4.04661743e+02   8.09811532e-01   0.00000000e+00]]\n",
      "\n",
      "  [[  4.04626465e+02   8.32516551e-01   0.00000000e+00]]\n",
      "\n",
      "  [[  4.03978821e+02   8.67110610e-01   0.00000000e+00]]]\n",
      "\n",
      "\n",
      " [[[  4.00564575e+02   7.76476085e-01   7.16372252e-01]]\n",
      "\n",
      "  [[  4.01382874e+02   7.84672678e-01   4.76545751e-01]]\n",
      "\n",
      "  [[  4.01726379e+02   8.22541773e-01   2.22692475e-01]]\n",
      "\n",
      "  [[  4.01683258e+02   8.26286376e-01   1.40598923e-01]]\n",
      "\n",
      "  [[  4.01415192e+02   8.00761819e-01   2.70534396e-01]]\n",
      "\n",
      "  [[  4.01066010e+02   7.82235146e-01   5.38097322e-01]]\n",
      "\n",
      "  [[  4.00634094e+02   9.30789530e-01   7.02875972e-01]]\n",
      "\n",
      "  [[  3.99962830e+02   1.20105827e+00   7.38358617e-01]]\n",
      "\n",
      "  [[  3.98924133e+02   1.41014183e+00   7.75969982e-01]]]\n",
      "\n",
      "\n",
      " [[[  3.95807190e+02   8.97686720e-01   7.69566655e-01]]\n",
      "\n",
      "  [[  3.96682861e+02   8.15945983e-01   7.42987335e-01]]\n",
      "\n",
      "  [[  3.97374359e+02   8.29862714e-01   6.63442910e-01]]\n",
      "\n",
      "  [[  3.97734406e+02   8.12125802e-01   7.58653581e-01]]\n",
      "\n",
      "  [[  3.97678314e+02   1.04818010e+00   7.52832592e-01]]\n",
      "\n",
      "  [[  3.97206451e+02   1.41333568e+00   7.02648580e-01]]\n",
      "\n",
      "  [[  3.96353516e+02   1.75245154e+00   6.79574192e-01]]\n",
      "\n",
      "  [[  3.95184540e+02   2.00853944e+00   6.91944540e-01]]\n",
      "\n",
      "  [[  3.93881348e+02   2.17934465e+00   7.24457204e-01]]]\n",
      "\n",
      "\n",
      " [[[  3.91287201e+02   8.27021241e-01   6.20477140e-01]]\n",
      "\n",
      "  [[  3.92280151e+02   8.30432177e-01   6.99130297e-01]]\n",
      "\n",
      "  [[  3.93288239e+02   8.73469949e-01   8.10390651e-01]]\n",
      "\n",
      "  [[  3.93960968e+02   1.16651487e+00   7.69913971e-01]]\n",
      "\n",
      "  [[  3.94039764e+02   1.52428329e+00   7.09123075e-01]]\n",
      "\n",
      "  [[  3.93446259e+02   1.82472813e+00   6.56231344e-01]]\n",
      "\n",
      "  [[  3.92267334e+02   1.98264360e+00   6.35010958e-01]]\n",
      "\n",
      "  [[  3.90749268e+02   2.00124907e+00   6.49729848e-01]]\n",
      "\n",
      "  [[  3.89304413e+02   1.94650543e+00   6.84618056e-01]]]\n",
      "\n",
      "\n",
      " [[[  3.87645721e+02   8.22574556e-01   1.65452883e-01]]\n",
      "\n",
      "  [[  3.88787506e+02   8.11261535e-01   4.31666940e-01]]\n",
      "\n",
      "  [[  3.90020233e+02   8.12595427e-01   7.64916658e-01]]\n",
      "\n",
      "  [[  3.90847626e+02   1.22113180e+00   7.16718733e-01]]\n",
      "\n",
      "  [[  3.90925323e+02   1.56127441e+00   6.54548347e-01]]\n",
      "\n",
      "  [[  3.90165955e+02   1.69708598e+00   6.09927952e-01]]\n",
      "\n",
      "  [[  3.88722473e+02   1.57886076e+00   6.00843489e-01]]\n",
      "\n",
      "  [[  3.86968506e+02   1.26872981e+00   6.26533628e-01]]\n",
      "\n",
      "  [[  3.85447479e+02   9.01006937e-01   6.69265091e-01]]]\n",
      "\n",
      "\n",
      " [[[  3.85288116e+02   8.06064367e-01   0.00000000e+00]]\n",
      "\n",
      "  [[  3.86481018e+02   7.76862204e-01   1.32238165e-01]]\n",
      "\n",
      "  [[  3.87727325e+02   7.26840436e-01   5.87416530e-01]]\n",
      "\n",
      "  [[  3.88490021e+02   1.01565194e+00   6.61177993e-01]]\n",
      "\n",
      "  [[  3.88432770e+02   1.26773584e+00   6.02663994e-01]]\n",
      "\n",
      "  [[  3.87507629e+02   1.22983587e+00   5.69846034e-01]]\n",
      "\n",
      "  [[  3.85910706e+02   8.78362656e-01   5.75558126e-01]]\n",
      "\n",
      "  [[  3.84053650e+02   6.16098404e-01   3.00732553e-01]]\n",
      "\n",
      "  [[  3.82506348e+02   6.70495391e-01   0.00000000e+00]]]\n",
      "\n",
      "\n",
      " [[[  3.84293732e+02   7.81385481e-01   0.00000000e+00]]\n",
      "\n",
      "  [[  3.85286652e+02   7.39455819e-01   0.00000000e+00]]\n",
      "\n",
      "  [[  3.86226410e+02   6.80414796e-01   3.63940448e-01]]\n",
      "\n",
      "  [[  3.86673187e+02   7.25204945e-01   6.13039374e-01]]\n",
      "\n",
      "  [[  3.86397217e+02   8.79777014e-01   5.60135782e-01]]\n",
      "\n",
      "  [[  3.85404083e+02   7.41097152e-01   5.36730886e-01]]\n",
      "\n",
      "  [[  3.83868439e+02   5.53277075e-01   2.96189725e-01]]\n",
      "\n",
      "  [[  3.82119049e+02   6.03291154e-01   0.00000000e+00]]\n",
      "\n",
      "  [[  3.80629761e+02   6.67619407e-01   0.00000000e+00]]]\n",
      "\n",
      "\n",
      " [[[  3.84417938e+02   7.57039487e-01   0.00000000e+00]]\n",
      "\n",
      "  [[  3.84906616e+02   7.07225025e-01   0.00000000e+00]]\n",
      "\n",
      "  [[  3.85218903e+02   6.45509660e-01   1.09248742e-01]]\n",
      "\n",
      "  [[  3.85141571e+02   5.83902001e-01   3.97805214e-01]]\n",
      "\n",
      "  [[  3.84628021e+02   5.49546063e-01   4.92511392e-01]]\n",
      "\n",
      "  [[  3.83734314e+02   5.13518751e-01   3.78675640e-01]]\n",
      "\n",
      "  [[  3.82528900e+02   5.28397679e-01   2.99872574e-03]]\n",
      "\n",
      "  [[  3.81131348e+02   5.79940498e-01   0.00000000e+00]]\n",
      "\n",
      "  [[  3.79819275e+02   6.48385704e-01   0.00000000e+00]]]\n",
      "\n",
      "\n",
      " [[[  3.85214935e+02   7.38945007e-01   0.00000000e+00]]\n",
      "\n",
      "  [[  3.85010071e+02   6.84811592e-01   0.00000000e+00]]\n",
      "\n",
      "  [[  3.84532288e+02   6.24412954e-01   0.00000000e+00]]\n",
      "\n",
      "  [[  3.83857941e+02   5.66521823e-01   0.00000000e+00]]\n",
      "\n",
      "  [[  3.83148132e+02   5.22172749e-01   1.26842543e-01]]\n",
      "\n",
      "  [[  3.82492310e+02   4.97459590e-01   9.53793377e-02]]\n",
      "\n",
      "  [[  3.81798462e+02   5.04868567e-01   0.00000000e+00]]\n",
      "\n",
      "  [[  3.80907898e+02   5.49013793e-01   0.00000000e+00]]\n",
      "\n",
      "  [[  3.79861298e+02   6.16056263e-01   0.00000000e+00]]]]\n"
     ]
    }
   ],
   "source": [
    "print \"printing evals:\"\n",
    "print evals"
   ]
  },
  {
   "cell_type": "code",
   "execution_count": 22,
   "metadata": {
    "collapsed": false
   },
   "outputs": [
    {
     "name": "stdout",
     "output_type": "stream",
     "text": [
      "printing evecs\n",
      "[[[[[  1.36777177e-03   9.93607879e-01   1.12878092e-01]\n",
      "    [ -2.82263360e-03  -1.12873912e-01   9.93605316e-01]\n",
      "    [  9.99995053e-01  -1.67763873e-03   2.65020528e-03]]]\n",
      "\n",
      "\n",
      "  [[[ -1.42355508e-03   9.99911189e-01   1.32497018e-02]\n",
      "    [  4.08617500e-03  -1.32437889e-02   9.99903977e-01]\n",
      "    [ -9.99990642e-01  -1.47755886e-03   4.06695856e-03]]]\n",
      "\n",
      "\n",
      "  [[[ -1.55429530e-03  -9.99609590e-01   2.78965067e-02]\n",
      "    [  5.33088436e-03  -2.79044267e-02  -9.99596357e-01]\n",
      "    [ -9.99984562e-01   1.40495482e-03  -5.37217502e-03]]]\n",
      "\n",
      "\n",
      "  [[[  1.72808988e-03   9.98600245e-01  -5.28641753e-02]\n",
      "    [ -5.62048703e-03   5.28731197e-02   9.98585403e-01]\n",
      "    [  9.99982715e-01  -1.42852298e-03   5.70398895e-03]]]\n",
      "\n",
      "\n",
      "  [[[  1.90794829e-03   9.97514844e-01  -7.04312027e-02]\n",
      "    [ -4.30775061e-03   7.04388767e-02   9.97506797e-01]\n",
      "    [  9.99988914e-01  -1.59979123e-03   4.43143863e-03]]]\n",
      "\n",
      "\n",
      "  [[[  2.04964937e-03   9.96524334e-01  -8.32772031e-02]\n",
      "    [ -1.71552610e-03   8.32807645e-02   9.96524632e-01]\n",
      "    [  9.99996424e-01  -1.89966196e-03   1.88025984e-03]]]\n",
      "\n",
      "\n",
      "  [[[  2.11665872e-03   9.95576799e-01  -9.39274803e-02]\n",
      "    [  9.61433223e-04   9.39256176e-02   9.95578766e-01]\n",
      "    [  9.99997318e-01  -2.19760556e-03  -7.58372131e-04]]]\n",
      "\n",
      "\n",
      "  [[[  2.08883034e-03   9.94476497e-01  -1.04938947e-01]\n",
      "    [  2.53882329e-03   1.04933567e-01   9.94476020e-01]\n",
      "    [  9.99994576e-01  -2.34371307e-03  -2.30561150e-03]]]\n",
      "\n",
      "\n",
      "  [[[  1.98359671e-03   9.93582487e-01  -1.13092504e-01]\n",
      "    [  2.69834581e-03   1.13086998e-01   9.93581414e-01]\n",
      "    [  9.99994397e-01  -2.27602734e-03  -2.45670998e-03]]]]\n",
      "\n",
      "\n",
      "\n",
      " [[[[  1.40456145e-03  -3.77245069e-01   9.26112413e-01]\n",
      "    [ -3.38398642e-03   9.26106215e-01   3.77247691e-01]\n",
      "    [  9.99993265e-01   3.66381928e-03  -2.41808521e-05]]]\n",
      "\n",
      "\n",
      "  [[[ -1.43363979e-03   9.99305725e-01   3.72288115e-02]\n",
      "    [  4.76079201e-03  -3.72216068e-02   9.99295712e-01]\n",
      "    [ -9.99987662e-01  -1.60986860e-03   4.70412429e-03]]]\n",
      "\n",
      "\n",
      "  [[[ -1.50828122e-03  -9.99865115e-01   1.63538437e-02]\n",
      "    [  5.78269456e-03  -1.63623095e-02  -9.99849379e-01]\n",
      "    [ -9.99982119e-01   1.41348480e-03  -5.80659369e-03]]]\n",
      "\n",
      "\n",
      "  [[[  1.60369684e-03   9.98564065e-01  -5.35471216e-02]\n",
      "    [ -5.67554915e-03   5.35554178e-02   9.98548746e-01]\n",
      "    [  9.99982595e-01  -1.29746017e-03   5.75328618e-03]]]\n",
      "\n",
      "\n",
      "  [[[  1.70162437e-03   9.93451238e-01  -1.14244007e-01]\n",
      "    [ -3.98845598e-03   1.14250012e-01   9.93444026e-01]\n",
      "    [  9.99990582e-01  -1.23481138e-03   4.15674737e-03]]]\n",
      "\n",
      "\n",
      "  [[[  1.78012636e-03   9.45136487e-01  -3.26670945e-01]\n",
      "    [ -1.19166472e-03   3.26673239e-01   9.45136607e-01]\n",
      "    [  9.99997735e-01  -1.29318039e-03   1.70780544e-03]]]\n",
      "\n",
      "\n",
      "  [[[  1.81854377e-03   4.07463253e-01   9.13219810e-01]\n",
      "    [  1.50170259e-03   9.13219154e-01  -4.07465965e-01]\n",
      "    [  9.99997199e-01  -2.11237930e-03  -1.04884035e-03]]]\n",
      "\n",
      "\n",
      "  [[[  1.80117425e-03   2.04967767e-01   9.78767037e-01]\n",
      "    [  2.97234976e-03   9.78763223e-01  -2.04972431e-01]\n",
      "    [  9.99993980e-01  -3.27842915e-03  -1.15368725e-03]]]\n",
      "\n",
      "\n",
      "  [[[  1.73528702e-03   1.56031340e-01   9.87750590e-01]\n",
      "    [  2.95929215e-03   9.87746954e-01  -1.56035960e-01]\n",
      "    [  9.99994099e-01  -3.19380965e-03  -1.25228218e-03]]]]\n",
      "\n",
      "\n",
      "\n",
      " [[[[  1.44895411e-03   1.58496574e-01   9.87358451e-01]\n",
      "    [ -3.74839455e-03   9.87353444e-01  -1.58490270e-01]\n",
      "    [  9.99991953e-01   3.47136403e-03  -2.02473742e-03]]]\n",
      "\n",
      "\n",
      "  [[[ -1.45230338e-03  -9.96411264e-01   8.46311525e-02]\n",
      "    [  5.19383792e-03  -8.46376196e-02  -9.96398270e-01]\n",
      "    [ -9.99985456e-01   1.00751210e-03  -5.29811811e-03]]]\n",
      "\n",
      "\n",
      "  [[[ -1.47281343e-03  -9.99650180e-01   2.64070518e-02]\n",
      "    [  5.91601618e-03  -2.64153276e-02  -9.99633551e-01]\n",
      "    [ -9.99981403e-01   1.31604914e-03  -5.95285185e-03]]]\n",
      "\n",
      "\n",
      "  [[[  1.49676332e-03   9.51273441e-01  -3.08344901e-01]\n",
      "    [ -5.35352202e-03   3.08348447e-01   9.51258421e-01]\n",
      "    [  9.99984562e-01   2.26922493e-04   5.55418804e-03]]]\n",
      "\n",
      "\n",
      "  [[[  1.52538007e-03   1.17026635e-01   9.93127584e-01]\n",
      "    [ -3.30286217e-03   9.93123949e-01  -1.17021129e-01]\n",
      "    [  9.99993384e-01   3.10166180e-03  -1.90141436e-03]]]\n",
      "\n",
      "\n",
      "  [[[  1.55591348e-03   7.37769157e-02   9.97273564e-01]\n",
      "    [ -3.77452379e-04   9.97274756e-01  -7.37764090e-02]\n",
      "    [  9.99998689e-01   2.61633570e-04  -1.57952041e-03]]]\n",
      "\n",
      "\n",
      "  [[[  1.57956185e-03   6.10091276e-02   9.98135984e-01]\n",
      "    [  2.24029971e-03   9.98134494e-01  -6.10125847e-02]\n",
      "    [  9.99996245e-01  -2.33249692e-03  -1.43993634e-03]]]\n",
      "\n",
      "\n",
      "  [[[  1.58353033e-03   5.52989319e-02   9.98468578e-01]\n",
      "    [  3.54463956e-03   9.98463273e-01  -5.53042591e-02]\n",
      "    [  9.99992490e-01  -3.62678734e-03  -1.38508214e-03]]]\n",
      "\n",
      "\n",
      "  [[[  1.56615290e-03   5.05452491e-02   9.98720527e-01]\n",
      "    [  3.33196460e-03   9.98715937e-01  -5.05502447e-02]\n",
      "    [  9.99993205e-01  -3.40687088e-03  -1.39572693e-03]]]]\n",
      "\n",
      "\n",
      "\n",
      " [[[[  1.48097589e-03   9.30505097e-01  -3.66275907e-01]\n",
      "    [ -3.73931578e-03   3.66278887e-01   9.30497587e-01]\n",
      "    [  9.99991894e-01  -8.42329428e-06   4.02190257e-03]]]\n",
      "\n",
      "\n",
      "  [[[  1.46639475e-03   9.63976324e-01  -2.65983939e-01]\n",
      "    [ -5.10007702e-03   2.65987962e-01   9.63962853e-01]\n",
      "    [  9.99985933e-01  -5.70114644e-05   5.30639710e-03]]]\n",
      "\n",
      "\n",
      "  [[[  1.44724199e-03   1.57068610e-01   9.87586617e-01]\n",
      "    [ -5.50683448e-03   9.87573922e-01  -1.57058522e-01]\n",
      "    [  9.99983788e-01   5.21117449e-03  -2.29420932e-03]]]\n",
      "\n",
      "\n",
      "  [[[  1.42413937e-03   1.41425831e-02   9.99898970e-01]\n",
      "    [ -4.62294370e-03   9.99889374e-01  -1.41358636e-02]\n",
      "    [  9.99988317e-01   4.60234517e-03  -1.48936221e-03]]]\n",
      "\n",
      "\n",
      "  [[[  1.41456362e-03   2.10744292e-02   9.99776900e-01]\n",
      "    [ -2.46029487e-03   9.99774933e-01  -2.10709069e-02]\n",
      "    [  9.99995947e-01   2.42993981e-03  -1.46609452e-03]]]\n",
      "\n",
      "\n",
      "  [[[  1.42726686e-03   2.80957781e-02   9.99604225e-01]\n",
      "    [  3.16841819e-04   9.99605179e-01  -2.80962568e-02]\n",
      "    [  9.99998927e-01  -3.56817269e-04  -1.41780148e-03]]]\n",
      "\n",
      "\n",
      "  [[[  1.45725277e-03   3.16297635e-02   9.99498606e-01]\n",
      "    [  2.65852083e-03   9.99495983e-01  -3.16335559e-02]\n",
      "    [  9.99995410e-01  -2.70328601e-03  -1.37242989e-03]]]\n",
      "\n",
      "\n",
      "  [[[  1.49083626e-03   3.18193771e-02   9.99492526e-01]\n",
      "    [  3.73519375e-03   9.99486506e-01  -3.18247564e-02]\n",
      "    [  9.99991894e-01  -3.78074357e-03  -1.37121917e-03]]]\n",
      "\n",
      "\n",
      "  [[[  1.52011029e-03   2.85882801e-02   9.99590099e-01]\n",
      "    [  3.39421490e-03   9.99585390e-01  -2.85933074e-02]\n",
      "    [  9.99993086e-01  -3.43628856e-03  -1.42244517e-03]]]]\n",
      "\n",
      "\n",
      "\n",
      " [[[[  1.47768587e-03   9.85444784e-01  -1.69989511e-01]\n",
      "    [ -3.30980425e-03   1.69993579e-01   9.85439599e-01]\n",
      "    [  9.99993443e-01  -8.93538236e-04   3.51282652e-03]]]\n",
      "\n",
      "\n",
      "  [[[  1.45661808e-03   9.88677561e-01  -1.50048614e-01]\n",
      "    [ -4.41613048e-03   1.50053680e-01   9.88667965e-01]\n",
      "    [  9.99989212e-01  -7.77477457e-04   4.58469987e-03]]]\n",
      "\n",
      "\n",
      "  [[[  1.41929812e-03   3.86453092e-01   9.22307968e-01]\n",
      "    [ -4.56970930e-03   9.22301769e-01  -3.86443466e-01]\n",
      "    [  9.99988556e-01   3.66620068e-03  -3.07499943e-03]]]\n",
      "\n",
      "\n",
      "  [[[  1.37966673e-03   4.30058129e-03   9.99989808e-01]\n",
      "    [ -3.63132847e-03   9.99984205e-01  -4.29554703e-03]\n",
      "    [  9.99992430e-01   3.62536497e-03  -1.39526173e-03]]]\n",
      "\n",
      "\n",
      "  [[[  1.36438105e-03   8.19903146e-03   9.99965429e-01]\n",
      "    [ -1.73911557e-03   9.99964893e-01  -8.19665380e-03]\n",
      "    [  9.99997556e-01   1.72787218e-03  -1.37859222e-03]]]\n",
      "\n",
      "\n",
      "  [[[  1.38562906e-03   1.61562059e-02   9.99868512e-01]\n",
      "    [  5.22218470e-04   9.99869347e-01  -1.61569435e-02]\n",
      "    [  9.99998927e-01  -5.44537324e-04  -1.37701095e-03]]]\n",
      "\n",
      "\n",
      "  [[[  1.43602793e-03   1.96074545e-02   9.99806702e-01]\n",
      "    [  2.34594918e-03   9.99804914e-01  -1.96107887e-02]\n",
      "    [  9.99996245e-01  -2.37365742e-03  -1.38974970e-03]]]\n",
      "\n",
      "\n",
      "  [[[  1.49908429e-03   1.37380157e-02   9.99904513e-01]\n",
      "    [  3.14074662e-03   9.99900639e-01  -1.37426704e-02]\n",
      "    [  9.99993920e-01  -3.16104805e-03  -1.45578769e-03]]]\n",
      "\n",
      "\n",
      "  [[[  1.56443613e-03  -2.90725343e-02   9.99576092e-01]\n",
      "    [  2.81016110e-03   9.99573469e-01   2.90680621e-02]\n",
      "    [  9.99994814e-01  -2.76349462e-03  -1.64546736e-03]]]]\n",
      "\n",
      "\n",
      "\n",
      " [[[[  1.42399326e-03   9.92466807e-01  -1.22505635e-01]\n",
      "    [ -2.55980762e-03   1.22508973e-01   9.92464125e-01]\n",
      "    [  9.99995708e-01  -1.09967135e-03   2.71497597e-03]]]\n",
      "\n",
      "\n",
      "  [[[  1.40672806e-03   9.94693875e-01  -1.02869451e-01]\n",
      "    [ -3.33683286e-03   1.02873646e-01   9.94688809e-01]\n",
      "    [  9.99993443e-01  -1.05599849e-03   3.46384244e-03]]]\n",
      "\n",
      "\n",
      "  [[[  1.37276773e-03   9.88454521e-01  -1.51511565e-01]\n",
      "    [ -3.35896574e-03   1.51515409e-01   9.88449216e-01]\n",
      "    [  9.99993443e-01  -8.47988937e-04   3.52818030e-03]]]\n",
      "\n",
      "\n",
      "  [[[  1.34292943e-03   7.17855571e-03   9.99973357e-01]\n",
      "    [ -2.63384124e-03   9.99970794e-01  -7.17500038e-03]\n",
      "    [  9.99995649e-01   2.62413546e-03  -1.36179733e-03]]]\n",
      "\n",
      "\n",
      "  [[[  1.34401408e-03   6.34584716e-03   9.99978960e-01]\n",
      "    [ -1.33336394e-03   9.99978960e-01  -6.34405529e-03]\n",
      "    [  9.99998212e-01   1.32480939e-03  -1.35244720e-03]]]\n",
      "\n",
      "\n",
      "  [[[  1.38632022e-03   1.21256728e-02   9.99925494e-01]\n",
      "    [  1.30536806e-04   9.99926448e-01  -1.21258656e-02]\n",
      "    [  9.99999046e-01  -1.47337414e-04  -1.38463546e-03]]]\n",
      "\n",
      "\n",
      "  [[[ -1.45891972e-03   1.47281901e-03   9.99997854e-01]\n",
      "    [ -1.25206658e-03  -9.99998152e-01   1.47099269e-03]\n",
      "    [ -9.99998152e-01   1.24991790e-03  -1.46076106e-03]]]\n",
      "\n",
      "\n",
      "  [[[  1.54436741e-03   9.97503936e-01   7.05941021e-02]\n",
      "    [  1.71339244e-03  -7.05967247e-02   9.97503459e-01]\n",
      "    [  9.99997318e-01  -1.41955644e-03  -1.81814295e-03]]]\n",
      "\n",
      "\n",
      "  [[[  1.63373363e-03   9.98968005e-01   4.53905389e-02]\n",
      "    [  1.50607526e-03  -4.53930087e-02   9.98968065e-01]\n",
      "    [  9.99997556e-01  -1.56368618e-03  -1.57868105e-03]]]]\n",
      "\n",
      "\n",
      "\n",
      " [[[[  1.32929487e-03   9.94599462e-01  -1.03779584e-01]\n",
      "    [ -1.67051307e-03   1.03781745e-01   9.94598687e-01]\n",
      "    [  9.99997735e-01  -1.14874972e-03   1.79944793e-03]]]\n",
      "\n",
      "\n",
      "  [[[  1.32239377e-03   9.96461570e-01  -8.40393826e-02]\n",
      "    [ -2.16612522e-03   8.40421170e-02   9.96459842e-01]\n",
      "    [  9.99996781e-01  -1.13567244e-03   2.26959726e-03]]]\n",
      "\n",
      "\n",
      "  [[[  1.30769762e-03   9.96682823e-01  -8.13732967e-02]\n",
      "    [ -2.18579662e-03   8.13760236e-02   9.96681094e-01]\n",
      "    [  9.99996781e-01  -1.12549204e-03   2.28496129e-03]]]\n",
      "\n",
      "\n",
      "  [[[  1.30415591e-03   8.51690024e-02   9.96365666e-01]\n",
      "    [ -1.83335983e-03   9.96365070e-01  -8.51665512e-02]\n",
      "    [  9.99997497e-01   1.71562622e-03  -1.45556068e-03]]]\n",
      "\n",
      "\n",
      "  [[[  1.33103994e-03   3.05267368e-02   9.99533057e-01]\n",
      "    [ -1.25516602e-03   9.99533236e-01  -3.05250697e-02]\n",
      "    [  9.99998331e-01   1.21394987e-03  -1.36873475e-03]]]\n",
      "\n",
      "\n",
      "  [[[  1.39497907e-03   3.66809107e-02   9.99326050e-01]\n",
      "    [ -6.71476708e-04   9.99326825e-01  -3.66800018e-02]\n",
      "    [  9.99998808e-01   6.19856350e-04  -1.41867041e-03]]]\n",
      "\n",
      "\n",
      "  [[[ -1.48436101e-03   9.99185681e-01   4.03214991e-02]\n",
      "    [  3.11774318e-04  -4.03210819e-02   9.99186754e-01]\n",
      "    [ -9.99998868e-01  -1.49572501e-03   2.51669378e-04]]]\n",
      "\n",
      "\n",
      "  [[[  1.58510043e-03   9.99102890e-01   4.23196033e-02]\n",
      "    [ -2.32282997e-04  -4.23192866e-02   9.99104083e-01]\n",
      "    [  9.99998689e-01  -1.59351050e-03   1.64994286e-04]]]\n",
      "\n",
      "\n",
      "  [[[  1.69244979e-03   9.99231219e-01   3.91680971e-02]\n",
      "    [ -3.02388537e-04  -3.91676389e-02   9.99232590e-01]\n",
      "    [  9.99998510e-01  -1.70299504e-03   2.35866799e-04]]]]\n",
      "\n",
      "\n",
      "\n",
      " [[[[  1.23310857e-03   9.95714784e-01  -9.24694091e-02]\n",
      "    [ -8.18863104e-04   9.24704522e-02   9.95715082e-01]\n",
      "    [  9.99998927e-01  -1.15210505e-03   9.29380185e-04]]]\n",
      "\n",
      "\n",
      "  [[[  1.23861828e-03   9.97093260e-01  -7.61806741e-02]\n",
      "    [ -1.12497411e-03   7.61820748e-02   9.97093260e-01]\n",
      "    [  9.99998629e-01  -1.14931678e-03   1.21606456e-03]]]\n",
      "\n",
      "\n",
      "  [[[  1.24864990e-03   9.97251272e-01  -7.40832686e-02]\n",
      "    [ -1.21842918e-03   7.40847886e-02   9.97251213e-01]\n",
      "    [  9.99998450e-01  -1.15495245e-03   1.30758598e-03]]]\n",
      "\n",
      "\n",
      "  [[[  1.27469900e-03   9.88453209e-01  -1.51520863e-01]\n",
      "    [ -1.26002391e-03   1.51522443e-01   9.88453031e-01]\n",
      "    [  9.99998391e-01  -1.06906018e-03   1.43862015e-03]]]\n",
      "\n",
      "\n",
      "  [[[  1.32604723e-03   8.16158473e-01  -5.77826560e-01]\n",
      "    [ -1.34213374e-03   5.77827990e-01   8.16157460e-01]\n",
      "    [  9.99998212e-01  -3.06742819e-04   1.86162104e-03]]]\n",
      "\n",
      "\n",
      "  [[[  1.40717207e-03   9.89822686e-01  -1.42299116e-01]\n",
      "    [ -1.52964657e-03   1.42301217e-01   9.89822209e-01]\n",
      "    [  9.99997854e-01  -1.17518287e-03   1.71432120e-03]]]\n",
      "\n",
      "\n",
      "  [[[ -1.50985783e-03   9.99931097e-01   1.16401166e-02]\n",
      "    [  1.86233257e-03  -1.16372975e-02   9.99930561e-01]\n",
      "    [ -9.99997139e-01  -1.53143075e-03   1.84463360e-03]]]\n",
      "\n",
      "\n",
      "  [[[  1.62720797e-03   9.99314904e-01   3.69739756e-02]\n",
      "    [ -2.19397712e-03  -3.69703695e-02   9.99313951e-01]\n",
      "    [  9.99996245e-01  -1.70721172e-03   2.13231565e-03]]]\n",
      "\n",
      "\n",
      "  [[[  1.75891875e-03   9.99252319e-01   3.86221819e-02]\n",
      "    [ -2.21133535e-03  -3.86182629e-02   9.99251604e-01]\n",
      "    [  9.99996006e-01  -1.84300891e-03   2.14175554e-03]]]]\n",
      "\n",
      "\n",
      "\n",
      " [[[[  1.18099712e-03   9.96745467e-01  -8.06042552e-02]\n",
      "    [ -1.05713247e-04   8.06044340e-02   9.96746182e-01]\n",
      "    [  9.99999285e-01  -1.16863346e-03   2.00562805e-04]]]\n",
      "\n",
      "\n",
      "  [[[  1.19818654e-03   9.97430444e-01  -7.16312081e-02]\n",
      "    [ -2.65601033e-04   7.16315731e-02   9.97431099e-01]\n",
      "    [  9.99999225e-01  -1.17608323e-03   3.50746530e-04]]]\n",
      "\n",
      "\n",
      "  [[[  1.22776837e-03   9.97164309e-01  -7.52451047e-02]\n",
      "    [ -4.36905830e-04   7.52456933e-02   9.97164905e-01]\n",
      "    [  9.99999166e-01  -1.19141256e-03   5.28051227e-04]]]\n",
      "\n",
      "\n",
      "  [[[  1.27415394e-03   9.94699657e-01  -1.02815345e-01]\n",
      "    [ -8.00036476e-04   1.02816410e-01   9.94700015e-01]\n",
      "    [  9.99998868e-01  -1.18514488e-03   9.26799956e-04]]]\n",
      "\n",
      "\n",
      "  [[[  1.34065456e-03   9.90452886e-01  -1.37845039e-01]\n",
      "    [ -1.37266133e-03   1.37846857e-01   9.90452588e-01]\n",
      "    [  9.99998152e-01  -1.13864022e-03   1.54436147e-03]]]\n",
      "\n",
      "\n",
      "  [[[  1.43364107e-03   9.94967520e-01  -1.00187741e-01]\n",
      "    [ -2.11476441e-03   1.00190632e-01   9.94966030e-01]\n",
      "    [  9.99996722e-01  -1.21455058e-03   2.24775914e-03]]]\n",
      "\n",
      "\n",
      "  [[[ -1.55177247e-03  -9.99864399e-01   1.63943060e-02]\n",
      "    [  2.98017380e-03  -1.63988769e-02  -9.99861062e-01]\n",
      "    [ -9.99994338e-01   1.50269899e-03  -3.00521706e-03]]]\n",
      "\n",
      "\n",
      "  [[[ -1.69687869e-03   9.99613941e-01   2.77328435e-02]\n",
      "    [  3.70612880e-03  -2.77264081e-02   9.99608696e-01]\n",
      "    [ -9.99991715e-01  -1.79899612e-03   3.65764950e-03]]]\n",
      "\n",
      "\n",
      "  [[[  1.87070586e-03   9.99322176e-01   3.67647298e-02]\n",
      "    [ -3.78597667e-03  -3.67574506e-02   9.99317050e-01]\n",
      "    [  9.99991059e-01  -2.00861879e-03   3.71464808e-03]]]]]\n"
     ]
    }
   ],
   "source": [
    "print \"printing evecs\"\n",
    "print evecs"
   ]
  },
  {
   "cell_type": "code",
   "execution_count": 23,
   "metadata": {
    "collapsed": false
   },
   "outputs": [],
   "source": [
    "cfa = RGB[:, :, :]"
   ]
  },
  {
   "cell_type": "code",
   "execution_count": 24,
   "metadata": {
    "collapsed": true
   },
   "outputs": [],
   "source": [
    "cfa = cfa / cfa.max()"
   ]
  },
  {
   "cell_type": "code",
   "execution_count": 25,
   "metadata": {
    "collapsed": false
   },
   "outputs": [
    {
     "name": "stdout",
     "output_type": "stream",
     "text": [
      "printing cfa\n",
      "[[[[  1.31842017e-03   2.72078789e-03   9.63913441e-01]]\n",
      "\n",
      "  [[  1.32298842e-03   3.79750831e-03   9.29346561e-01]]\n",
      "\n",
      "  [[  1.36796793e-03   4.69182292e-03   8.80107403e-01]]\n",
      "\n",
      "  [[  1.43623096e-03   4.67123743e-03   8.31094682e-01]]\n",
      "\n",
      "  [[  1.52392709e-03   3.44071048e-03   7.98716724e-01]]\n",
      "\n",
      "  [[  1.61811698e-03   1.35433977e-03   7.89457560e-01]]\n",
      "\n",
      "  [[  1.67369482e-03   7.60229188e-04   7.90722787e-01]]\n",
      "\n",
      "  [[  1.64594711e-03   2.00053048e-03   7.87971258e-01]]\n",
      "\n",
      "  [[  1.55753875e-03   2.11876654e-03   7.85204947e-01]]]\n",
      "\n",
      "\n",
      " [[[  1.32742198e-03   3.19813541e-03   9.45072889e-01]]\n",
      "\n",
      "  [[  1.34588534e-03   4.46937932e-03   9.38777387e-01]]\n",
      "\n",
      "  [[  1.37674680e-03   5.27839595e-03   9.12775517e-01]]\n",
      "\n",
      "  [[  1.40152802e-03   4.96006571e-03   8.73920619e-01]]\n",
      "\n",
      "  [[  1.42058393e-03   3.32972244e-03   8.34832072e-01]]\n",
      "\n",
      "  [[  1.43785786e-03   9.62540857e-04   8.07726145e-01]]\n",
      "\n",
      "  [[  1.44065218e-03   1.18965027e-03   7.92198777e-01]]\n",
      "\n",
      "  [[  1.40853785e-03   2.32440978e-03   7.82006145e-01]]\n",
      "\n",
      "  [[  1.35511800e-03   2.31096661e-03   7.80914068e-01]]]\n",
      "\n",
      "\n",
      " [[[  1.29888253e-03   3.36016412e-03   8.96420419e-01]]\n",
      "\n",
      "  [[  1.33914419e-03   4.78914939e-03   9.22069550e-01]]\n",
      "\n",
      "  [[  1.36244704e-03   5.47269545e-03   9.25047100e-01]]\n",
      "\n",
      "  [[  1.35434244e-03   4.84412070e-03   9.04833496e-01]]\n",
      "\n",
      "  [[  1.32549845e-03   2.87006423e-03   8.68956983e-01]]\n",
      "\n",
      "  [[  1.29588484e-03   3.14371457e-04   8.32876086e-01]]\n",
      "\n",
      "  [[  1.27704605e-03   1.81124010e-03   8.08478117e-01]]\n",
      "\n",
      "  [[  1.26493175e-03   2.83147581e-03   7.98798978e-01]]\n",
      "\n",
      "  [[  1.25976908e-03   2.68013799e-03   8.04366291e-01]]]\n",
      "\n",
      "\n",
      " [[[  1.23814191e-03   3.12618422e-03   8.36024404e-01]]\n",
      "\n",
      "  [[  1.30431529e-03   4.53636982e-03   8.89458239e-01]]\n",
      "\n",
      "  [[  1.32980419e-03   5.05997753e-03   9.18839216e-01]]\n",
      "\n",
      "  [[  1.30723545e-03   4.24345816e-03   9.17901874e-01]]\n",
      "\n",
      "  [[  1.26049016e-03   2.19232100e-03   8.91076922e-01]]\n",
      "\n",
      "  [[  1.22317043e-03   2.71534023e-04   8.57000947e-01]]\n",
      "\n",
      "  [[  1.21871789e-03   2.22335267e-03   8.36308062e-01]]\n",
      "\n",
      "  [[  1.24693941e-03   3.12412600e-03   8.36395919e-01]]\n",
      "\n",
      "  [[  1.29406340e-03   2.88948067e-03   8.51289809e-01]]]\n",
      "\n",
      "\n",
      " [[[  1.16295810e-03   2.60485942e-03   7.87007928e-01]]\n",
      "\n",
      "  [[  1.25020579e-03   3.79033620e-03   8.58284235e-01]]\n",
      "\n",
      "  [[  1.28474610e-03   4.13649250e-03   9.05187786e-01]]\n",
      "\n",
      "  [[  1.26588834e-03   3.33185983e-03   9.17524993e-01]]\n",
      "\n",
      "  [[  1.22771144e-03   1.56490901e-03   8.99828136e-01]]\n",
      "\n",
      "  [[  1.21319562e-03   4.57231421e-04   8.75554979e-01]]\n",
      "\n",
      "  [[  1.24848157e-03   2.03956664e-03   8.69396031e-01]]\n",
      "\n",
      "  [[  1.32757460e-03   2.78141513e-03   8.85585010e-01]]\n",
      "\n",
      "  [[  1.42317987e-03   2.55642575e-03   9.09703195e-01]]]\n",
      "\n",
      "\n",
      " [[[  1.08763855e-03   1.95516739e-03   7.63791442e-01]]\n",
      "\n",
      "  [[  1.18370901e-03   2.80781998e-03   8.41457009e-01]]\n",
      "\n",
      "  [[  1.22761249e-03   3.00379144e-03   8.94254982e-01]]\n",
      "\n",
      "  [[  1.22318964e-03   2.39899964e-03   9.10832942e-01]]\n",
      "\n",
      "  [[  1.20854820e-03   1.19897153e-03   8.99206400e-01]]\n",
      "\n",
      "  [[  1.23070751e-03   1.15884206e-04   8.87750387e-01]]\n",
      "\n",
      "  [[  1.31269114e-03   1.12657098e-03   8.99767578e-01]]\n",
      "\n",
      "  [[  1.43880898e-03   1.59628107e-03   9.31646943e-01]]\n",
      "\n",
      "  [[  1.57156645e-03   1.44876586e-03   9.61945474e-01]]]\n",
      "\n",
      "\n",
      " [[[  1.01393985e-03   1.27420924e-03   7.62763441e-01]]\n",
      "\n",
      "  [[  1.10517524e-03   1.81031390e-03   8.35735679e-01]]\n",
      "\n",
      "  [[  1.15457317e-03   1.92985160e-03   8.82902563e-01]]\n",
      "\n",
      "  [[  1.16742856e-03   1.64115080e-03   8.95157933e-01]]\n",
      "\n",
      "  [[  1.18001143e-03   1.11274666e-03   8.86531889e-01]]\n",
      "\n",
      "  [[  1.23881665e-03   5.96307567e-04   8.88052881e-01]]\n",
      "\n",
      "  [[  1.36117113e-03   2.85899587e-04   9.17007089e-01]]\n",
      "\n",
      "  [[  1.52326131e-03   2.23220995e-04   9.60985959e-01]]\n",
      "\n",
      "  [[  1.68280443e-03   3.00665211e-04   9.94299412e-01]]]\n",
      "\n",
      "\n",
      " [[[  9.45216860e-04   6.27684640e-04   7.66530931e-01]]\n",
      "\n",
      "  [[  1.02158939e-03   9.27857764e-04   8.24780285e-01]]\n",
      "\n",
      "  [[  1.07068638e-03   1.04477291e-03   8.57473910e-01]]\n",
      "\n",
      "  [[  1.09702488e-03   1.08439522e-03   8.60613465e-01]]\n",
      "\n",
      "  [[  1.13321783e-03   1.14696508e-03   8.54581773e-01]]\n",
      "\n",
      "  [[  1.22329255e-03   1.32976286e-03   8.69325042e-01]]\n",
      "\n",
      "  [[  1.37897860e-03   1.70089968e-03   9.13314223e-01]]\n",
      "\n",
      "  [[  1.57198228e-03   2.11951602e-03   9.66057420e-01]]\n",
      "\n",
      "  [[  1.75892585e-03   2.21134420e-03   1.00000000e+00]]]\n",
      "\n",
      "\n",
      " [[[  8.93778284e-04   8.00037524e-05   7.56799221e-01]]\n",
      "\n",
      "  [[  9.49803449e-04   2.10542144e-04   7.92700231e-01]]\n",
      "\n",
      "  [[  9.91685665e-04   3.52894975e-04   8.07713330e-01]]\n",
      "\n",
      "  [[  1.02430081e-03   6.43154606e-04   8.03905725e-01]]\n",
      "\n",
      "  [[  1.07875059e-03   1.10450468e-03   8.04643154e-01]]\n",
      "\n",
      "  [[  1.19619106e-03   1.76450179e-03   8.34370017e-01]]\n",
      "\n",
      "  [[  1.38434966e-03   2.65863887e-03   8.92103553e-01]]\n",
      "\n",
      "  [[  1.61336386e-03   3.52372485e-03   9.50775325e-01]]\n",
      "\n",
      "  [[  1.83888467e-03   3.72157618e-03   9.82980967e-01]]]]\n"
     ]
    }
   ],
   "source": [
    "print \"printing cfa\"\n",
    "print cfa"
   ]
  },
  {
   "cell_type": "code",
   "execution_count": null,
   "metadata": {
    "collapsed": false
   },
   "outputs": [],
   "source": [
    "fvtk.add(ren, fvtk.tensor(evals, evecs, cfa, sphere))"
   ]
  },
  {
   "cell_type": "code",
   "execution_count": null,
   "metadata": {
    "collapsed": false
   },
   "outputs": [],
   "source": [
    "fvtk.show(ren)"
   ]
  },
  {
   "cell_type": "code",
   "execution_count": null,
   "metadata": {
    "collapsed": true
   },
   "outputs": [],
   "source": [
    "# Step is generating black?\n",
    "# print('Saving illustration as tensor_ellipsoids.png')\n",
    "# fvtk.record(ren, n_frames=1, out_path='tensor_ellipsoids_update.png', size=(600, 600))"
   ]
  }
 ],
 "metadata": {
  "anaconda-cloud": {},
  "kernelspec": {
   "display_name": "Python [Root]",
   "language": "python",
   "name": "Python [Root]"
  },
  "language_info": {
   "codemirror_mode": {
    "name": "ipython",
    "version": 2
   },
   "file_extension": ".py",
   "mimetype": "text/x-python",
   "name": "python",
   "nbconvert_exporter": "python",
   "pygments_lexer": "ipython2",
   "version": "2.7.12"
  }
 },
 "nbformat": 4,
 "nbformat_minor": 0
}
