{
 "cells": [
  {
   "cell_type": "markdown",
   "metadata": {},
   "source": [
    "## Fractional Anisotropy Maps - Steps and Results\n",
    "\n",
    "On Thursday, we showed Greg the output of the first step of the CAPTURE pipeline - namely, after modifying the CAPTURE MATLAB pipeline to accept TIFF files (originally it only took TIFs), we were able to generate two structure tensors from a TIFF stack of Aut1367 originally for use in Ilastik analysis.  The main steps for the generation of the structure tensors are explained in a separate viewer (we showed Greg this) on Thursday:  http://nbviewer.jupyter.org/github/NeuroDataDesign/seelviz/blob/gh-pages/Tony/ipynb/Generating%20Structure%20Tensors.ipynb  \n",
    "\n",
    "There were two separate structure tensors generated by the CAPTURE pipeline - one was \"DTK\" (which could be used later in the Diffusion ToolKit process) and the other was \"FSL\" (an alternate file format).  We realized at office hours that the structure tensors (which were 5000 x 5000 x 5 x 6) each were the \"lower triangular\" values from the structures.\n",
    "\n",
    "From there, we first tried to use the DTK file directly inside Diffusion ToolKit, but were informed that the \"file appeared to be corrupted/missing data\".  Only the FSL format seemed to have properly saved all the image data (likely because it was run first during the MATLAB script, and because generating the structure tensors froze Tony's computer, so the DTK file format was corrupted.  Thus, all analysis was done on the FSL file.  \n",
    "\n",
    "From there, we followed the DiPy tutorial/ndmg code that was suitable for generating FA maps (as recommended by Greg)."
   ]
  },
  {
   "cell_type": "code",
   "execution_count": 1,
   "metadata": {
    "collapsed": true
   },
   "outputs": [],
   "source": [
    "from dipy.reconst.dti import fractional_anisotropy, color_fa\n",
    "from argparse import ArgumentParser\n",
    "from scipy import ndimage\n",
    "import os\n",
    "import re\n",
    "import numpy as np\n",
    "import nibabel as nb\n",
    "import sys\n",
    "import matplotlib\n",
    "\n",
    "matplotlib.use('Agg')  # very important above pyplot import\n",
    "import matplotlib.pyplot as plt"
   ]
  },
  {
   "cell_type": "code",
   "execution_count": 2,
   "metadata": {
    "collapsed": true
   },
   "outputs": [],
   "source": [
    "import vtk"
   ]
  },
  {
   "cell_type": "code",
   "execution_count": 3,
   "metadata": {
    "collapsed": true
   },
   "outputs": [],
   "source": [
    "from dipy.reconst.dti import from_lower_triangular"
   ]
  },
  {
   "cell_type": "code",
   "execution_count": 4,
   "metadata": {
    "collapsed": false
   },
   "outputs": [],
   "source": [
    "img = nb.load('../../../../../Desktop/result/dogsig1_gausig2.3/v100_ch0_tensorfsl_dogsig1_gausig2.3.nii')"
   ]
  },
  {
   "cell_type": "code",
   "execution_count": 5,
   "metadata": {
    "collapsed": false
   },
   "outputs": [],
   "source": [
    "data = img.get_data()"
   ]
  },
  {
   "cell_type": "code",
   "execution_count": 6,
   "metadata": {
    "collapsed": false
   },
   "outputs": [],
   "source": [
    "# Output is the structure tensor generated from a lower triangular structure tensor (which data is)\n",
    "output = from_lower_triangular(data)"
   ]
  },
  {
   "cell_type": "markdown",
   "metadata": {},
   "source": [
    "### Subsampling:\n",
    "\n",
    "We added this step because the calculation of RGB/eigenvalues/eigenvectors took much too long on the full file.  Even still, with small sizes like 25x25, the last VTK rendering step took significant amounts of time.  In the pipeline we'll have to think of a more optimal way to compute these, and we're guessing we're missing something (since why is this taking so long)?"
   ]
  },
  {
   "cell_type": "code",
   "execution_count": 31,
   "metadata": {
    "collapsed": true
   },
   "outputs": [],
   "source": [
    "output_ds = output[4250:4300, 250:300, :, :, :]"
   ]
  },
  {
   "cell_type": "code",
   "execution_count": 32,
   "metadata": {
    "collapsed": false
   },
   "outputs": [
    {
     "name": "stdout",
     "output_type": "stream",
     "text": [
      "(5000, 5000, 5, 3, 3)\n",
      "(50, 50, 5, 3, 3)\n"
     ]
    }
   ],
   "source": [
    "print output.shape\n",
    "print output_ds.shape"
   ]
  },
  {
   "cell_type": "code",
   "execution_count": 33,
   "metadata": {
    "collapsed": true
   },
   "outputs": [],
   "source": [
    "FA = fractional_anisotropy(output_ds)"
   ]
  },
  {
   "cell_type": "code",
   "execution_count": 34,
   "metadata": {
    "collapsed": true
   },
   "outputs": [],
   "source": [
    "FA = np.clip(FA, 0, 1)"
   ]
  },
  {
   "cell_type": "code",
   "execution_count": 35,
   "metadata": {
    "collapsed": true
   },
   "outputs": [],
   "source": [
    "FA[np.isnan(FA)] = 0"
   ]
  },
  {
   "cell_type": "code",
   "execution_count": 36,
   "metadata": {
    "collapsed": false
   },
   "outputs": [
    {
     "name": "stdout",
     "output_type": "stream",
     "text": [
      "(50, 50, 5, 3)\n"
     ]
    }
   ],
   "source": [
    "print FA.shape"
   ]
  },
  {
   "cell_type": "code",
   "execution_count": 37,
   "metadata": {
    "collapsed": true
   },
   "outputs": [],
   "source": [
    "from dipy.reconst.dti import decompose_tensor"
   ]
  },
  {
   "cell_type": "code",
   "execution_count": 38,
   "metadata": {
    "collapsed": false
   },
   "outputs": [],
   "source": [
    "evalues, evectors = decompose_tensor(output_ds)"
   ]
  },
  {
   "cell_type": "code",
   "execution_count": 39,
   "metadata": {
    "collapsed": false
   },
   "outputs": [
    {
     "name": "stdout",
     "output_type": "stream",
     "text": [
      "(50, 50, 5)\n",
      "(3, 3)\n"
     ]
    }
   ],
   "source": [
    "print evectors[..., 0, 0].shape\n",
    "print evectors.shape[-2:]"
   ]
  },
  {
   "cell_type": "code",
   "execution_count": 40,
   "metadata": {
    "collapsed": false
   },
   "outputs": [
    {
     "name": "stdout",
     "output_type": "stream",
     "text": [
      "(50, 50, 5)\n"
     ]
    }
   ],
   "source": [
    "print FA[:, :, :, 0].shape"
   ]
  },
  {
   "cell_type": "code",
   "execution_count": 41,
   "metadata": {
    "collapsed": false
   },
   "outputs": [],
   "source": [
    "## To satisfy requirements for RGB\n",
    "RGB = color_fa(FA[:, :, :, 0], evectors)"
   ]
  },
  {
   "cell_type": "code",
   "execution_count": 42,
   "metadata": {
    "collapsed": false
   },
   "outputs": [
    {
     "name": "stderr",
     "output_type": "stream",
     "text": [
      "/Users/Tony/anaconda/lib/python2.7/site-packages/ipykernel/__main__.py:1: DeprecationWarning: get_affine method is deprecated.\n",
      "Please use the ``img.affine`` property instead.\n",
      "\n",
      "* deprecated from version: 2.1\n",
      "* Will raise <class 'nibabel.deprecator.ExpiredDeprecationError'> as of version: 4.0\n",
      "  if __name__ == '__main__':\n"
     ]
    }
   ],
   "source": [
    "nb.save(nb.Nifti1Image(np.array(255 * RGB, 'uint8'), img.get_affine()), 'tensor_rgb_upper.nii.gz')"
   ]
  },
  {
   "cell_type": "code",
   "execution_count": 43,
   "metadata": {
    "collapsed": false
   },
   "outputs": [
    {
     "name": "stdout",
     "output_type": "stream",
     "text": [
      "Computing tensor ellipsoids in a random part\n"
     ]
    }
   ],
   "source": [
    "print('Computing tensor ellipsoids in a random part')\n",
    "\n",
    "from dipy.data import get_sphere\n",
    "sphere = get_sphere('symmetric724')\n",
    "\n",
    "from dipy.viz import fvtk"
   ]
  },
  {
   "cell_type": "code",
   "execution_count": 44,
   "metadata": {
    "collapsed": false
   },
   "outputs": [],
   "source": [
    "ren = fvtk.ren()\n",
    "evals = evalues[:, :, :]\n",
    "evecs = evectors[:, :, :]"
   ]
  },
  {
   "cell_type": "code",
   "execution_count": 45,
   "metadata": {
    "collapsed": false
   },
   "outputs": [
    {
     "name": "stdout",
     "output_type": "stream",
     "text": [
      "printing evals:\n",
      "[[[[  3.59858673e+02   4.20508653e-01   0.00000000e+00]\n",
      "   [  4.05917450e+02   5.61607122e-01   7.03589618e-02]\n",
      "   [  4.25848846e+02   7.01524436e-01   5.80489457e-01]\n",
      "   [  4.19685120e+02   1.13140678e+00   6.51538432e-01]\n",
      "   [  3.81875427e+02   1.34272110e+00   5.77863395e-01]]\n",
      "\n",
      "  [[  3.61585938e+02   4.56072748e-01   0.00000000e+00]\n",
      "   [  4.07860229e+02   6.18554890e-01   0.00000000e+00]\n",
      "   [  4.27822357e+02   7.35710680e-01   4.71231312e-01]\n",
      "   [  4.21525391e+02   1.06481409e+00   7.47136772e-01]\n",
      "   [  3.83449982e+02   1.35440505e+00   6.66064262e-01]]\n",
      "\n",
      "  [[  3.62073059e+02   5.12886703e-01   0.00000000e+00]\n",
      "   [  4.08605103e+02   7.03238547e-01   0.00000000e+00]\n",
      "   [  4.28809692e+02   8.40516150e-01   3.31217498e-01]\n",
      "   [  4.22663727e+02   1.05653214e+00   8.71012688e-01]\n",
      "   [  3.84584076e+02   1.45561719e+00   7.78225422e-01]]\n",
      "\n",
      "  ..., \n",
      "  [[  3.56612427e+02   6.11936986e-01   0.00000000e+00]\n",
      "   [  4.02752686e+02   7.30627954e-01   0.00000000e+00]\n",
      "   [  4.23407196e+02   7.53842890e-01   0.00000000e+00]\n",
      "   [  4.18378021e+02   6.73720360e-01   0.00000000e+00]\n",
      "   [  3.81691772e+02   5.22040427e-01   0.00000000e+00]]\n",
      "\n",
      "  [[  3.55404449e+02   6.03852987e-01   0.00000000e+00]\n",
      "   [  4.01798859e+02   7.27090955e-01   0.00000000e+00]\n",
      "   [  4.22981354e+02   7.56930351e-01   0.00000000e+00]\n",
      "   [  4.18546326e+02   6.82632506e-01   0.00000000e+00]\n",
      "   [  3.82286804e+02   5.33642113e-01   0.00000000e+00]]\n",
      "\n",
      "  [[  3.55258240e+02   6.66312158e-01   0.00000000e+00]\n",
      "   [  4.01925415e+02   8.15788031e-01   0.00000000e+00]\n",
      "   [  4.23530853e+02   8.63975525e-01   0.00000000e+00]\n",
      "   [  4.19518768e+02   7.92349696e-01   1.01134628e-01]\n",
      "   [  3.83493286e+02   6.29126668e-01   1.89753234e-01]]]\n",
      "\n",
      "\n",
      " [[[  3.57809509e+02   4.67865318e-01   0.00000000e+00]\n",
      "   [  4.03147339e+02   6.35834515e-01   5.17178833e-01]\n",
      "   [  4.22396515e+02   1.36941564e+00   6.89541876e-01]\n",
      "   [  4.15794373e+02   2.06682944e+00   6.91424310e-01]\n",
      "   [  3.78013458e+02   2.34213400e+00   6.00293398e-01]]\n",
      "\n",
      "  [[  3.59174744e+02   5.03585398e-01   0.00000000e+00]\n",
      "   [  4.04815796e+02   6.71246946e-01   3.34904611e-01]\n",
      "   [  4.24247070e+02   1.24392700e+00   7.66928792e-01]\n",
      "   [  4.17664490e+02   2.03908420e+00   7.75722563e-01]\n",
      "   [  3.79717468e+02   2.39070702e+00   6.76855505e-01]]\n",
      "\n",
      "  [[  3.59536102e+02   5.52521169e-01   0.00000000e+00]\n",
      "   [  4.05594604e+02   7.39884377e-01   2.40310207e-02]\n",
      "   [  4.25470459e+02   1.01363420e+00   8.59910727e-01]\n",
      "   [  4.19204742e+02   1.92192245e+00   8.74882281e-01]\n",
      "   [  3.81319366e+02   2.37068915e+00   7.66683817e-01]]\n",
      "\n",
      "  ..., \n",
      "  [[  3.54965668e+02   6.24985516e-01   0.00000000e+00]\n",
      "   [  4.01175751e+02   7.57918656e-01   0.00000000e+00]\n",
      "   [  4.22137238e+02   7.93716490e-01   0.00000000e+00]\n",
      "   [  4.17521332e+02   7.18600869e-01   0.00000000e+00]\n",
      "   [  3.81217773e+02   5.62417030e-01   0.00000000e+00]]\n",
      "\n",
      "  [[  3.53336121e+02   5.68827510e-01   0.00000000e+00]\n",
      "   [  3.99692322e+02   6.93498492e-01   0.00000000e+00]\n",
      "   [  4.21115997e+02   7.31282055e-01   0.00000000e+00]\n",
      "   [  4.17092255e+02   6.67581856e-01   0.00000000e+00]\n",
      "   [  3.81277832e+02   5.27325153e-01   0.00000000e+00]]\n",
      "\n",
      "  [[  3.52928040e+02   5.89172125e-01   0.00000000e+00]\n",
      "   [  3.99422119e+02   7.27557421e-01   0.00000000e+00]\n",
      "   [  4.21160187e+02   7.77772427e-01   1.39714861e-02]\n",
      "   [  4.17512421e+02   7.19972253e-01   1.31833702e-01]\n",
      "   [  3.81965759e+02   5.76425135e-01   2.01552317e-01]]]\n",
      "\n",
      "\n",
      " [[[  3.54687195e+02   5.23833692e-01   2.28979141e-01]\n",
      "   [  3.99250061e+02   9.21877742e-01   6.66712403e-01]\n",
      "   [  4.17898773e+02   1.80461884e+00   7.45360851e-01]\n",
      "   [  4.11027313e+02   2.54443383e+00   7.27124453e-01]\n",
      "   [  3.73475494e+02   2.80957508e+00   6.16639137e-01]]\n",
      "\n",
      "  [[  3.55649628e+02   5.60207129e-01   3.85872051e-02]\n",
      "   [  4.00564575e+02   7.76476085e-01   7.16372252e-01]\n",
      "   [  4.19508972e+02   1.73554039e+00   8.17232072e-01]\n",
      "   [  4.12788177e+02   2.56988859e+00   8.03484023e-01]\n",
      "   [  3.75169983e+02   2.90267086e+00   6.84504271e-01]]\n",
      "\n",
      "  [[  3.55939392e+02   6.00708246e-01   0.00000000e+00]\n",
      "   [  4.01382874e+02   7.84672678e-01   4.76545751e-01]\n",
      "   [  4.20911316e+02   1.49159718e+00   8.90556574e-01]\n",
      "   [  4.14621216e+02   2.39817405e+00   8.80785048e-01]\n",
      "   [  3.77112793e+02   2.80250573e+00   7.53656507e-01]]\n",
      "\n",
      "  ..., \n",
      "  [[  3.55364838e+02   6.49586082e-01   0.00000000e+00]\n",
      "   [  4.01954468e+02   7.97650516e-01   0.00000000e+00]\n",
      "   [  4.23358368e+02   8.46089244e-01   0.00000000e+00]\n",
      "   [  4.19102783e+02   7.76365280e-01   0.00000000e+00]\n",
      "   [  3.82920593e+02   6.16245806e-01   0.00000000e+00]]\n",
      "\n",
      "  [[  3.53148773e+02   5.50384104e-01   0.00000000e+00]\n",
      "   [  3.99721344e+02   6.79358721e-01   0.00000000e+00]\n",
      "   [  4.21475708e+02   7.26188004e-01   0.00000000e+00]\n",
      "   [  4.17781372e+02   6.72849834e-01   0.00000000e+00]\n",
      "   [  3.82162109e+02   5.40047467e-01   0.00000000e+00]]\n",
      "\n",
      "  [[  3.52224335e+02   5.35329878e-01   1.39594942e-01]\n",
      "   [  3.98760406e+02   6.67076051e-01   1.49549291e-01]\n",
      "   [  4.20697632e+02   7.21261978e-01   1.48808077e-01]\n",
      "   [  4.17333588e+02   6.76820755e-01   1.39819428e-01]\n",
      "   [  3.82041626e+02   5.50456226e-01   1.23499222e-01]]]\n",
      "\n",
      "\n",
      " ..., \n",
      " [[[  3.39595276e+02   8.91354561e-01   1.88191742e-01]\n",
      "   [  3.83573151e+02   1.15893364e+00   3.28132153e-01]\n",
      "   [  4.02730835e+02   1.31307340e+00   5.18151283e-01]\n",
      "   [  3.96921417e+02   1.29334760e+00   6.87276721e-01]\n",
      "   [  3.60963989e+02   1.10404134e+00   7.46736228e-01]]\n",
      "\n",
      "  [[  3.38109436e+02   1.11758637e+00   8.03707719e-01]\n",
      "   [  3.82249817e+02   1.25719190e+00   1.00777853e+00]\n",
      "   [  4.01792511e+02   1.32786107e+00   1.09425449e+00]\n",
      "   [  3.96424683e+02   1.28438330e+00   1.06195295e+00]\n",
      "   [  3.60813293e+02   1.11512697e+00   9.16927278e-01]]\n",
      "\n",
      "  [[  3.36890594e+02   1.75537479e+00   7.45460153e-01]\n",
      "   [  3.81107300e+02   1.80357027e+00   9.44469750e-01]\n",
      "   [  4.00922913e+02   1.67370188e+00   1.04015744e+00]\n",
      "   [  3.95913208e+02   1.44061208e+00   9.94572282e-01]\n",
      "   [  3.60617035e+02   1.15425324e+00   8.26307476e-01]]\n",
      "\n",
      "  ..., \n",
      "  [[  3.58613037e+02   6.67148411e-01   6.20746017e-01]\n",
      "   [  4.05173157e+02   9.09415662e-01   7.64757335e-01]\n",
      "   [  4.25715851e+02   1.16543388e+00   8.17883253e-01]\n",
      "   [  4.20050995e+02   1.34338450e+00   7.66263664e-01]\n",
      "   [  3.82510895e+02   1.34672415e+00   6.27659917e-01]]\n",
      "\n",
      "  [[  3.59222839e+02   1.49669194e+00   6.86491191e-01]\n",
      "   [  4.06451874e+02   1.60874546e+00   8.36362541e-01]\n",
      "   [  4.27659882e+02   1.57611930e+00   8.84308517e-01]\n",
      "   [  4.22389435e+02   1.43170071e+00   8.13841283e-01]\n",
      "   [  3.84808594e+02   1.19917500e+00   6.53930306e-01]]\n",
      "\n",
      "  [[  3.58545837e+02   2.19511509e+00   7.50551939e-01]\n",
      "   [  4.06261505e+02   2.21592736e+00   9.01456952e-01]\n",
      "   [  4.28091949e+02   1.96338105e+00   9.41773057e-01]\n",
      "   [  4.23305664e+02   1.56276453e+00   8.58080506e-01]\n",
      "   [  3.85887115e+02   1.13685513e+00   6.82278574e-01]]]\n",
      "\n",
      "\n",
      " [[[  3.37472534e+02   8.95489395e-01   3.20493013e-01]\n",
      "   [  3.81124512e+02   1.14060271e+00   2.40691379e-02]\n",
      "   [  4.00172028e+02   1.27781463e+00   0.00000000e+00]\n",
      "   [  3.94478149e+02   1.24771488e+00   0.00000000e+00]\n",
      "   [  3.58846069e+02   1.05519652e+00   0.00000000e+00]]\n",
      "\n",
      "  [[  3.36088074e+02   1.15798974e+00   7.89062619e-01]\n",
      "   [  3.79846588e+02   1.14896333e+00   7.16417849e-01]\n",
      "   [  3.99212158e+02   1.22976398e+00   2.30751172e-01]\n",
      "   [  3.93907776e+02   1.17697525e+00   0.00000000e+00]\n",
      "   [  3.58598145e+02   9.80149627e-01   0.00000000e+00]]\n",
      "\n",
      "  [[  3.34898224e+02   1.72548282e+00   7.79910207e-01]\n",
      "   [  3.78731384e+02   1.43651009e+00   9.55634773e-01]\n",
      "   [  3.98380981e+02   1.15918291e+00   7.18668818e-01]\n",
      "   [  3.93454132e+02   1.06966782e+00   1.10383190e-01]\n",
      "   [  3.58474884e+02   8.77274871e-01   0.00000000e+00]]\n",
      "\n",
      "  ..., \n",
      "  [[  3.56688049e+02   7.27307320e-01   6.17908359e-01]\n",
      "   [  4.02922424e+02   1.06938815e+00   7.70037293e-01]\n",
      "   [  4.23375244e+02   1.43306768e+00   8.40002596e-01]\n",
      "   [  4.17864716e+02   1.69489312e+00   8.00248146e-01]\n",
      "   [  3.80675507e+02   1.72290349e+00   6.64050996e-01]]\n",
      "\n",
      "  [[  3.57972687e+02   1.49410093e+00   6.92057431e-01]\n",
      "   [  4.04777802e+02   1.60340416e+00   8.45311821e-01]\n",
      "   [  4.25700043e+02   1.56405187e+00   8.89966309e-01]\n",
      "   [  4.20374237e+02   1.40984714e+00   8.12678933e-01]\n",
      "   [  3.82992615e+02   1.16639090e+00   6.50406718e-01]]\n",
      "\n",
      "  [[  3.57749969e+02   2.09966874e+00   7.47228920e-01]\n",
      "   [  4.04926086e+02   2.01527023e+00   9.01064038e-01]\n",
      "   [  4.26279877e+02   1.63663888e+00   9.35122073e-01]\n",
      "   [  4.21250885e+02   1.16387713e+00   8.09465885e-01]\n",
      "   [  3.83913727e+02   8.06572080e-01   5.23650348e-01]]]\n",
      "\n",
      "\n",
      " [[[  3.36039642e+02   9.08809602e-01   1.55218571e-01]\n",
      "   [  3.79592865e+02   1.13101709e+00   0.00000000e+00]\n",
      "   [  3.98764404e+02   1.24603474e+00   0.00000000e+00]\n",
      "   [  3.93364807e+02   1.19976115e+00   0.00000000e+00]\n",
      "   [  3.58093872e+02   1.00263965e+00   0.00000000e+00]]\n",
      "\n",
      "  [[  3.35001892e+02   9.79336202e-01   5.35142004e-01]\n",
      "   [  3.78626221e+02   1.14718246e+00   0.00000000e+00]\n",
      "   [  3.98035187e+02   1.23317134e+00   0.00000000e+00]\n",
      "   [  3.92933868e+02   1.16422987e+00   0.00000000e+00]\n",
      "   [  3.57910248e+02   9.55571949e-01   0.00000000e+00]]\n",
      "\n",
      "  [[  3.34022339e+02   1.16307700e+00   7.58749306e-01]\n",
      "   [  3.77712555e+02   1.12263942e+00   4.50433195e-01]\n",
      "   [  3.97376038e+02   1.16877949e+00   0.00000000e+00]\n",
      "   [  3.92613770e+02   1.08464432e+00   0.00000000e+00]\n",
      "   [  3.57880829e+02   8.77141535e-01   0.00000000e+00]]\n",
      "\n",
      "  ..., \n",
      "  [[  3.55389343e+02   7.14470565e-01   5.28124392e-01]\n",
      "   [  4.01246765e+02   1.13221836e+00   7.52724290e-01]\n",
      "   [  4.21460205e+02   1.66352570e+00   8.52787852e-01]\n",
      "   [  4.15919525e+02   2.08385944e+00   8.25496078e-01]\n",
      "   [  3.78926758e+02   2.18585038e+00   6.90535605e-01]]\n",
      "\n",
      "  [[  3.57592346e+02   1.30233502e+00   6.70190156e-01]\n",
      "   [  4.03946594e+02   1.51516414e+00   8.14386785e-01]\n",
      "   [  4.24436615e+02   1.61977875e+00   8.58548820e-01]\n",
      "   [  4.18859589e+02   1.58638489e+00   7.95690060e-01]\n",
      "   [  3.81494781e+02   1.40156376e+00   6.50276184e-01]]\n",
      "\n",
      "  [[  3.58084473e+02   1.79286420e+00   7.11783409e-01]\n",
      "   [  4.04743530e+02   1.75025380e+00   8.53484035e-01]\n",
      "   [  4.25505768e+02   1.47778225e+00   8.58741522e-01]\n",
      "   [  4.20045624e+02   1.14625728e+00   6.83443308e-01]\n",
      "   [  3.82586060e+02   8.50818276e-01   4.11481380e-01]]]]\n"
     ]
    }
   ],
   "source": [
    "print \"printing evals:\"\n",
    "print evals"
   ]
  },
  {
   "cell_type": "code",
   "execution_count": 46,
   "metadata": {
    "collapsed": false
   },
   "outputs": [
    {
     "name": "stdout",
     "output_type": "stream",
     "text": [
      "printing evecs\n",
      "[[[[[  1.24202820e-03   9.98928905e-01   4.62541170e-02]\n",
      "    [ -8.69421288e-04  -4.62530591e-02   9.98929381e-01]\n",
      "    [  9.99998868e-01  -1.28091278e-03   8.11042497e-04]]\n",
      "\n",
      "   [[  1.37818838e-03   9.95012462e-01   9.97410789e-02]\n",
      "    [ -1.53448002e-03  -9.97389480e-02   9.95012462e-01]\n",
      "    [  9.99997854e-01  -1.52436527e-03   1.38936774e-03]]\n",
      "\n",
      "   [[  1.45453122e-03  -7.51945853e-01  -6.59223318e-01]\n",
      "    [ -2.36948044e-03   6.59219563e-01  -7.51946807e-01]\n",
      "    [  9.99996126e-01   2.65574688e-03  -8.22865521e-04]]\n",
      "\n",
      "   [[  1.44273485e-03  -1.34770319e-01   9.90875840e-01]\n",
      "    [ -3.16984626e-03   9.90871251e-01   1.34774312e-01]\n",
      "    [  9.99993920e-01   3.33536742e-03  -1.00236328e-03]]\n",
      "\n",
      "   [[  1.35963270e-03  -7.72602037e-02   9.97010052e-01]\n",
      "    [ -3.75703746e-03   9.97003555e-01   7.72648230e-02]\n",
      "    [  9.99992013e-01   3.85085586e-03  -1.06528914e-03]]]\n",
      "\n",
      "\n",
      "  [[[ -1.23419065e-03   9.99839664e-01   1.78640019e-02]\n",
      "    [  1.70951500e-03  -1.78618804e-02   9.99839008e-01]\n",
      "    [ -9.99997795e-01  -1.26453082e-03   1.68719597e-03]]\n",
      "\n",
      "   [[  1.35540089e-03   9.99358714e-01   3.57820243e-02]\n",
      "    [ -2.25171121e-03  -3.57789174e-02   9.99357164e-01]\n",
      "    [  9.99996543e-01  -1.43510045e-03   2.20177229e-03]]\n",
      "\n",
      "   [[  1.41584885e-03   9.90882337e-01   1.34722516e-01]\n",
      "    [ -2.89704255e-03  -1.34718016e-01   9.90879714e-01]\n",
      "    [  9.99994814e-01  -1.79323286e-03   2.67988816e-03]]\n",
      "\n",
      "   [[  1.39172655e-03  -1.21305786e-01   9.92614210e-01]\n",
      "    [ -3.48720886e-03   9.92608547e-01   1.21309981e-01]\n",
      "    [  9.99992967e-01   3.63028352e-03  -9.58421035e-04]]\n",
      "\n",
      "   [[  1.30233588e-03  -5.12934476e-02   9.98682797e-01]\n",
      "    [ -3.89758172e-03   9.98675764e-01   5.12981713e-02]\n",
      "    [  9.99991536e-01   3.95925529e-03  -1.10069092e-03]]]\n",
      "\n",
      "\n",
      "  [[[  1.30669668e-03   9.99955595e-01  -9.33431741e-03]\n",
      "    [ -3.17609310e-03   9.33842827e-03   9.99951363e-01]\n",
      "    [  9.99994099e-01  -1.27698644e-03   3.18815466e-03]]\n",
      "\n",
      "   [[ -1.43117504e-03  -9.99949276e-01   9.96712316e-03]\n",
      "    [  3.46249249e-03  -9.97202937e-03  -9.99944270e-01]\n",
      "    [ -9.99992967e-01   1.39658421e-03  -3.47658852e-03]]\n",
      "\n",
      "   [[ -1.48819678e-03  -9.99892950e-01   1.45547194e-02]\n",
      "    [  3.74420546e-03  -1.45602049e-02  -9.99886990e-01]\n",
      "    [ -9.99991894e-01   1.43353280e-03  -3.76547314e-03]]\n",
      "\n",
      "   [[  1.45457999e-03   1.93449836e-02   9.99811828e-01]\n",
      "    [ -3.94707546e-03   9.99805212e-01  -1.93391126e-02]\n",
      "    [  9.99991179e-01   3.91820259e-03  -1.53065263e-03]]\n",
      "\n",
      "   [[ -1.35325431e-03  -1.53862208e-03   9.99997914e-01]\n",
      "    [  4.03842377e-03  -9.99990642e-01  -1.53314602e-03]\n",
      "    [ -9.99990940e-01  -4.03634040e-03  -1.35945529e-03]]]\n",
      "\n",
      "\n",
      "  ..., \n",
      "  [[[  1.52567867e-03   9.98370826e-01   5.70387878e-02]\n",
      "    [  3.03875119e-03  -5.70432208e-02   9.98367071e-01]\n",
      "    [  9.99994218e-01  -1.34986069e-03  -3.12083005e-03]]\n",
      "\n",
      "   [[  1.59377279e-03   9.97604549e-01   6.91565350e-02]\n",
      "    [  1.64615235e-03  -6.91591427e-02   9.97604311e-01]\n",
      "    [  9.99997377e-01  -1.47611229e-03  -1.75243302e-03]]\n",
      "\n",
      "   [[  1.56539411e-03   9.96367574e-01   8.51425231e-02]\n",
      "    [ -8.32873775e-06  -8.51426125e-02   9.96368766e-01]\n",
      "    [  9.99998748e-01  -1.56041898e-03  -1.24983271e-04]]\n",
      "\n",
      "   [[  1.43688428e-03   9.94342327e-01   1.06213219e-01]\n",
      "    [ -1.55005022e-03  -1.06210984e-01   9.94342387e-01]\n",
      "    [  9.99997795e-01  -1.59339083e-03   1.38866773e-03]]\n",
      "\n",
      "   [[  1.25465717e-03   9.91040409e-01   1.33556694e-01]\n",
      "    [ -2.67813029e-03  -1.33552983e-01   9.91038084e-01]\n",
      "    [  9.99995649e-01  -1.60109531e-03   2.48657214e-03]]]\n",
      "\n",
      "\n",
      "  [[[  1.53153425e-03   9.98920202e-01   4.64339256e-02]\n",
      "    [  4.13388945e-03  -4.64399084e-02   9.98912513e-01]\n",
      "    [  9.99990284e-01  -1.33791601e-03  -4.20054980e-03]]\n",
      "\n",
      "   [[  1.62588386e-03   9.98229682e-01   5.94547838e-02]\n",
      "    [  2.79058004e-03  -5.94591573e-02   9.98226821e-01]\n",
      "    [  9.99994755e-01  -1.45708758e-03  -2.88231345e-03]]\n",
      "\n",
      "   [[  1.62186672e-03   9.97038722e-01   7.68839717e-02]\n",
      "    [  1.16737932e-03  -7.68859088e-02   9.97039199e-01]\n",
      "    [  9.99998033e-01  -1.52731198e-03  -1.28862110e-03]]\n",
      "\n",
      "   [[  1.50906225e-03   9.94933367e-01   1.00525200e-01]\n",
      "    [ -3.64472973e-04  -1.00524761e-01   9.94934499e-01]\n",
      "    [  9.99998808e-01  -1.53805676e-03   2.10928207e-04]]\n",
      "\n",
      "   [[  1.33177196e-03   9.91143465e-01   1.32788762e-01]\n",
      "    [ -1.49834785e-03  -1.32786751e-01   9.91143525e-01]\n",
      "    [  9.99997973e-01  -1.51894090e-03   1.30823604e-03]]]\n",
      "\n",
      "\n",
      "  [[[  1.55934226e-03   9.98461545e-01   5.54262698e-02]\n",
      "    [  5.39087411e-03  -5.54339252e-02   9.98447776e-01]\n",
      "    [  9.99984264e-01  -1.25812576e-03  -5.46902092e-03]]\n",
      "\n",
      "   [[  1.68392505e-03   9.97100294e-01   7.60799348e-02]\n",
      "    [  4.01863735e-03  -7.60861784e-02   9.97093141e-01]\n",
      "    [  9.99990523e-01  -1.37329253e-03  -4.13510762e-03]]\n",
      "\n",
      "   [[  1.70854153e-03   9.94802535e-01   1.01808511e-01]\n",
      "    [  2.32128659e-03  -1.01812325e-01   9.94800925e-01]\n",
      "    [  9.99995828e-01  -1.46333198e-03  -2.48317258e-03]]\n",
      "\n",
      "   [[  1.61493430e-03   9.90858674e-01   1.34894505e-01]\n",
      "    [  6.90580870e-04  -1.34895757e-01   9.90859568e-01]\n",
      "    [  9.99998450e-01  -1.50701753e-03  -9.02115775e-04]]\n",
      "\n",
      "   [[  1.44471857e-03   9.83900905e-01   1.78708971e-01]\n",
      "    [ -5.36883774e-04  -1.78708360e-01   9.83901918e-01]\n",
      "    [  9.99998808e-01  -1.51740736e-03   2.70057120e-04]]]]\n",
      "\n",
      "\n",
      "\n",
      " [[[[  1.26594922e-03   9.98048306e-01   6.24338724e-02]\n",
      "    [ -1.25552993e-03  -6.24322891e-02   9.98048425e-01]\n",
      "    [  9.99998391e-01  -1.34186621e-03   1.17404340e-03]]\n",
      "\n",
      "   [[  1.39097532e-03   8.74913812e-01   4.84276682e-01]\n",
      "    [ -1.81916193e-03  -4.84274149e-01   8.74914408e-01]\n",
      "    [  9.99997377e-01  -2.09796196e-03   9.17996455e-04]]\n",
      "\n",
      "   [[  1.45405496e-03  -9.47707742e-02   9.95498061e-01]\n",
      "    [ -2.51618563e-03   9.95495617e-01   9.47742164e-02]\n",
      "    [  9.99995768e-01   2.64266483e-03  -1.20904448e-03]]\n",
      "\n",
      "   [[  1.43001124e-03  -5.10758087e-02   9.98693764e-01]\n",
      "    [ -3.17373290e-03   9.98689532e-01   5.10801338e-02]\n",
      "    [  9.99993920e-01   3.24263237e-03  -1.26603618e-03]]\n",
      "\n",
      "   [[  1.33809750e-03  -3.76113802e-02   9.99291539e-01]\n",
      "    [ -3.64503916e-03   9.99285638e-01   3.76160368e-02]\n",
      "    [  9.99992490e-01   3.69279063e-03  -1.20004662e-03]]]\n",
      "\n",
      "\n",
      "  [[[  1.25717488e-03   9.99610305e-01   2.78858747e-02]\n",
      "    [ -2.46585486e-03  -2.78827138e-02   9.99608159e-01]\n",
      "    [  9.99996185e-01  -1.32544478e-03   2.42984062e-03]]\n",
      "\n",
      "   [[  1.36777177e-03   9.93607879e-01   1.12878092e-01]\n",
      "    [ -2.82263360e-03  -1.12873912e-01   9.93605316e-01]\n",
      "    [  9.99995053e-01  -1.67763873e-03   2.65020528e-03]]\n",
      "\n",
      "   [[  1.41533092e-03  -1.07608438e-01   9.94192362e-01]\n",
      "    [ -3.22059449e-03   9.94187713e-01   1.07612520e-01]\n",
      "    [  9.99993801e-01   3.35419760e-03  -1.06054137e-03]]\n",
      "\n",
      "   [[  1.37879641e-03  -4.53656912e-02   9.98969495e-01]\n",
      "    [ -3.55420029e-03   9.98963892e-01   4.53703441e-02]\n",
      "    [  9.99992728e-01   3.61309433e-03  -1.21612905e-03]]\n",
      "\n",
      "   [[  1.27981929e-03  -3.13678719e-02   9.99507070e-01]\n",
      "    [ -3.75327398e-03   9.99500692e-01   3.13724764e-02]\n",
      "    [  9.99992132e-01   3.79157509e-03  -1.16144808e-03]]]\n",
      "\n",
      "\n",
      "  [[[  1.31418323e-03   9.99994934e-01  -2.90055806e-03]\n",
      "    [ -4.00777720e-03   2.90580420e-03   9.99987721e-01]\n",
      "    [  9.99991119e-01  -1.30254228e-03   4.01157606e-03]]\n",
      "\n",
      "   [[ -1.42355508e-03   9.99911189e-01   1.32497018e-02]\n",
      "    [  4.08617500e-03  -1.32437889e-02   9.99903977e-01]\n",
      "    [ -9.99990642e-01  -1.47755886e-03   4.06695856e-03]]\n",
      "\n",
      "   [[  1.46421301e-03  -1.58143282e-01   9.87415075e-01]\n",
      "    [ -4.09220485e-03   9.87406909e-01   1.58148050e-01]\n",
      "    [  9.99990582e-01   4.27226722e-03  -7.98619294e-04]]\n",
      "\n",
      "   [[  1.41659169e-03  -3.22694369e-02   9.99478221e-01]\n",
      "    [ -4.00830107e-03   9.99471009e-01   3.22748870e-02]\n",
      "    [  9.99990940e-01   4.05192981e-03  -1.28649664e-03]]\n",
      "\n",
      "   [[  1.30584522e-03  -2.18366012e-02   9.99760687e-01]\n",
      "    [ -3.86119075e-03   9.99754012e-01   2.18414981e-02]\n",
      "    [  9.99991715e-01   3.88878840e-03  -1.22120860e-03]]]\n",
      "\n",
      "\n",
      "  ..., \n",
      "  [[[  1.47261471e-03   9.97720778e-01   6.74619973e-02]\n",
      "    [  3.22696893e-03  -6.74664602e-02   9.97716308e-01]\n",
      "    [  9.99993682e-01  -1.25155388e-03  -3.31896613e-03]]\n",
      "\n",
      "   [[  1.52430369e-03   9.97270823e-01   7.38142952e-02]\n",
      "    [  1.87769276e-03  -7.38171041e-02   9.97270048e-01]\n",
      "    [  9.99997079e-01  -1.38154184e-03  -1.98508799e-03]]\n",
      "\n",
      "   [[  1.48355367e-03   9.96926606e-01   7.83274323e-02]\n",
      "    [  2.94101628e-04  -7.83279538e-02   9.96927619e-01]\n",
      "    [  9.99998868e-01  -1.45595940e-03  -4.09401429e-04]]\n",
      "\n",
      "   [[  1.35090249e-03   9.96813297e-01   7.97588378e-02]\n",
      "    [ -1.16811902e-03  -7.97572806e-02   9.96813655e-01]\n",
      "    [  9.99998391e-01  -1.43976579e-03   1.05665228e-03]]\n",
      "\n",
      "   [[  1.17258914e-03   9.96993721e-01   7.74736777e-02]\n",
      "    [ -2.23164889e-03  -7.74709284e-02   9.96992111e-01]\n",
      "    [  9.99996841e-01  -1.34195620e-03   2.13409821e-03]]]\n",
      "\n",
      "\n",
      "  [[[  1.46458065e-03   9.98968363e-01   4.53878827e-02]\n",
      "    [  5.73174190e-03  -4.53955717e-02   9.98952627e-01]\n",
      "    [  9.99982476e-01  -1.20289507e-03  -5.79231465e-03]]\n",
      "\n",
      "   [[  1.53208512e-03   9.98586178e-01   5.31352609e-02]\n",
      "    [  4.21839021e-03  -5.31413034e-02   9.98578072e-01]\n",
      "    [  9.99989927e-01  -1.30576140e-03  -4.29384317e-03]]\n",
      "\n",
      "   [[  1.50788506e-03   9.98162031e-01   6.05831444e-02]\n",
      "    [  2.38459487e-03  -6.05866276e-02   9.98160124e-01]\n",
      "    [  9.99996006e-01  -1.36064447e-03  -2.47156969e-03]]\n",
      "\n",
      "   [[  1.38794642e-03   9.97767687e-01   6.67658970e-02]\n",
      "    [  6.45394204e-04  -6.67668432e-02   9.97768402e-01]\n",
      "    [  9.99998808e-01  -1.34175876e-03  -7.36622314e-04]]\n",
      "\n",
      "   [[  1.21608737e-03   9.97502267e-01   7.06238300e-02]\n",
      "    [ -6.54198055e-04  -7.06230700e-02   9.97502863e-01]\n",
      "    [  9.99999046e-01  -1.25925255e-03   5.66680217e-04]]]\n",
      "\n",
      "\n",
      "  [[[ -1.47129025e-03   9.99537408e-01   3.03784348e-02]\n",
      "    [ -7.60722300e-03  -3.03887762e-02   9.99509215e-01]\n",
      "    [ -9.99969959e-01  -1.23947265e-03  -7.64841447e-03]]\n",
      "\n",
      "   [[  1.56201352e-03   9.99087453e-01   4.26830389e-02]\n",
      "    [  5.95349586e-03  -4.26916257e-02   9.99070585e-01]\n",
      "    [  9.99981046e-01  -1.30644848e-03  -6.01474755e-03]]\n",
      "\n",
      "   [[  1.56181690e-03   9.98477221e-01   5.51437996e-02]\n",
      "    [  3.89637053e-03  -5.51495217e-02   9.98470485e-01]\n",
      "    [  9.99991179e-01  -1.34456740e-03  -3.97657091e-03]]\n",
      "\n",
      "   [[  1.46026211e-03   9.97689486e-01   6.79235682e-02]\n",
      "    [  1.90618588e-03  -6.79262951e-02   9.97688532e-01]\n",
      "    [  9.99997139e-01  -1.32741174e-03  -2.00097170e-03]]\n",
      "\n",
      "   [[  1.29793258e-03   9.96665061e-01   8.15907493e-02]\n",
      "    [  3.92076588e-04  -8.15913230e-02   9.96665776e-01]\n",
      "    [  9.99999106e-01  -1.26161519e-03  -4.96669032e-04]]]]\n",
      "\n",
      "\n",
      "\n",
      " [[[[ -1.31193222e-03   9.99619246e-01   2.75616087e-02]\n",
      "    [  1.47599634e-03  -2.75596678e-02   9.99619067e-01]\n",
      "    [ -9.99998033e-01  -1.35211332e-03   1.43927790e-03]]\n",
      "\n",
      "   [[  1.43071334e-03  -7.68690407e-02   9.97040153e-01]\n",
      "    [ -1.89819548e-03   9.97039199e-01   7.68716931e-02]\n",
      "    [  9.99997199e-01   2.00255844e-03  -1.28056481e-03]]\n",
      "\n",
      "   [[  1.48187776e-03  -3.03536244e-02   9.99538124e-01]\n",
      "    [ -2.40985258e-03   9.99536216e-01   3.03571392e-02]\n",
      "    [  9.99996006e-01   2.45372509e-03  -1.40804274e-03]]\n",
      "\n",
      "   [[  1.44270493e-03  -2.24942807e-02   9.99745905e-01]\n",
      "    [ -2.88126175e-03   9.99742746e-01   2.24983655e-02]\n",
      "    [  9.99994814e-01   2.91298819e-03  -1.37752178e-03]]\n",
      "\n",
      "   [[  1.33643474e-03  -1.91229060e-02   9.99816239e-01]\n",
      "    [ -3.20709590e-03   9.99811888e-01   1.91271100e-02]\n",
      "    [  9.99993980e-01   3.23206862e-03  -1.27485429e-03]]]\n",
      "\n",
      "\n",
      "  [[[ -1.29572023e-03   9.99905169e-01   1.37112923e-02]\n",
      "    [  3.18572274e-03  -1.37071069e-02   9.99900997e-01]\n",
      "    [ -9.99994099e-01  -1.33927236e-03   3.16765998e-03]]\n",
      "\n",
      "   [[  1.40456145e-03  -3.77245069e-01   9.26112413e-01]\n",
      "    [ -3.38398642e-03   9.26106215e-01   3.77247691e-01]\n",
      "    [  9.99993265e-01   3.66381928e-03  -2.41808521e-05]]\n",
      "\n",
      "   [[  1.44546852e-03  -3.88298854e-02   9.99244809e-01]\n",
      "    [ -3.57053545e-03   9.99239266e-01   3.88348363e-02]\n",
      "    [  9.99992609e-01   3.62397335e-03  -1.30572543e-03]]\n",
      "\n",
      "   [[  1.39825256e-03  -2.54678391e-02   9.99674678e-01]\n",
      "    [ -3.68516054e-03   9.99668717e-01   2.54728422e-02]\n",
      "    [  9.99992251e-01   3.71957920e-03  -1.30393624e-03]]\n",
      "\n",
      "   [[  1.28745520e-03  -2.03618035e-02   9.99791861e-01]\n",
      "    [ -3.70481471e-03   9.99785721e-01   2.03664508e-02]\n",
      "    [  9.99992311e-01   3.73026449e-03  -1.21174264e-03]]]\n",
      "\n",
      "\n",
      "  [[[ -1.32797228e-03  -9.99975443e-01   6.88446313e-03]\n",
      "    [  4.79238341e-03  -6.89075422e-03  -9.99964774e-01]\n",
      "    [ -9.99987662e-01   1.29493244e-03  -4.80141630e-03]]\n",
      "\n",
      "   [[ -1.43363979e-03   9.99305725e-01   3.72288115e-02]\n",
      "    [  4.76079201e-03  -3.72216068e-02   9.99295712e-01]\n",
      "    [ -9.99987662e-01  -1.60986860e-03   4.70412429e-03]]\n",
      "\n",
      "   [[  1.46787346e-03  -5.23861349e-02   9.98625815e-01]\n",
      "    [ -4.61775344e-03   9.98615921e-01   5.23924045e-02]\n",
      "    [  9.99988258e-01   4.68831323e-03  -1.22393563e-03]]\n",
      "\n",
      "   [[  1.41198491e-03  -2.99469270e-02   9.99550521e-01]\n",
      "    [ -4.37460002e-03   9.99541759e-01   2.99528446e-02]\n",
      "    [  9.99989450e-01   4.41492675e-03  -1.28033198e-03]]\n",
      "\n",
      "   [[  1.29290868e-03  -2.33746152e-02   9.99725938e-01]\n",
      "    [ -4.09063790e-03   9.99718308e-01   2.33797263e-02]\n",
      "    [  9.99990821e-01   4.11974499e-03  -1.19692739e-03]]]\n",
      "\n",
      "\n",
      "  ..., \n",
      "  [[[  1.54077495e-03   9.95140433e-01   9.84536111e-02]\n",
      "    [  3.44246277e-03  -9.84584242e-02   9.95135188e-01]\n",
      "    [  9.99992907e-01  -1.19435648e-03  -3.57743632e-03]]\n",
      "\n",
      "   [[  1.56805629e-03   9.95740235e-01   9.21898708e-02]\n",
      "    [  2.26696930e-03  -9.21932831e-02   9.95738566e-01]\n",
      "    [  9.99996185e-01  -1.35238247e-03  -2.40187673e-03]]\n",
      "\n",
      "   [[  1.49804808e-03   9.96714532e-01   8.09808224e-02]\n",
      "    [  9.11088719e-04  -8.09822455e-02   9.96715128e-01]\n",
      "    [  9.99998450e-01  -1.41934643e-03  -1.02941063e-03]]\n",
      "\n",
      "   [[  1.33915129e-03   9.97770071e-01   6.67311773e-02]\n",
      "    [ -3.26684938e-04  -6.67307973e-02   9.97770965e-01]\n",
      "    [  9.99999046e-01  -1.35796634e-03   2.36593827e-04]]\n",
      "\n",
      "   [[  1.14344398e-03   9.98652339e-01   5.18863574e-02]\n",
      "    [ -1.22282060e-03  -5.18849567e-02   9.98652339e-01]\n",
      "    [  9.99998569e-01  -1.20535062e-03   1.16184505e-03]]]\n",
      "\n",
      "\n",
      "  [[[  1.51037867e-03   9.98206675e-01   5.98429218e-02]\n",
      "    [  7.16346502e-03  -5.98522536e-02   9.98181522e-01]\n",
      "    [  9.99973178e-01  -1.07894943e-03  -7.24101812e-03]]\n",
      "\n",
      "   [[  1.54516485e-03   9.98361409e-01   5.72028421e-02]\n",
      "    [  5.61521901e-03  -5.72106689e-02   9.98346329e-01]\n",
      "    [  9.99983013e-01  -1.22140313e-03  -5.69441775e-03]]\n",
      "\n",
      "   [[  1.48666953e-03   9.98734355e-01   5.02745770e-02]\n",
      "    [  3.73875536e-03  -5.02798334e-02   9.98728156e-01]\n",
      "    [  9.99991894e-01  -1.29681441e-03  -3.80877289e-03]]\n",
      "\n",
      "   [[  1.34026236e-03   9.99201834e-01   3.99233401e-02]\n",
      "    [  1.95270311e-03  -3.99259143e-02   9.99200761e-01]\n",
      "    [  9.99997199e-01  -1.26123277e-03  -2.00465578e-03]]\n",
      "\n",
      "   [[  1.15462008e-03   9.99613345e-01   2.77825128e-02]\n",
      "    [  6.05817419e-04  -2.77832262e-02   9.99613762e-01]\n",
      "    [  9.99999166e-01  -1.13734300e-03  -6.37662190e-04]]]\n",
      "\n",
      "\n",
      "  [[[ -1.48166588e-03  -9.99995053e-01   2.77267117e-03]\n",
