{
 "cells": [
  {
   "cell_type": "code",
   "execution_count": 1,
   "metadata": {
    "collapsed": true
   },
   "outputs": [],
   "source": [
    "## Following MATLAB code from http://capture-clarity.org/clarity-based-tractography/"
   ]
  },
  {
   "cell_type": "code",
   "execution_count": 1,
   "metadata": {
    "collapsed": true
   },
   "outputs": [],
   "source": [
    "import os"
   ]
  },
  {
   "cell_type": "code",
   "execution_count": 2,
   "metadata": {
    "collapsed": true
   },
   "outputs": [],
   "source": [
    "## Parameters (the script loops through all parameters and saves each result automatically)\n",
    "dogsigmaArr = [1];  # Sigma values for derivative of gaussian filter, recommended value: 0.6 - 1.3 (based on actual data)\n",
    "gausigmaArr = [2.3];  # Sigma values for gaussian filter, recommended value: 1.3 - 2.3 (based on actual data)\n",
    "angleArr = [25];  # Angle thresholds for fiber tracking, recommended value: 20 - 30"
   ]
  },
  {
   "cell_type": "code",
   "execution_count": 3,
   "metadata": {
    "collapsed": false
   },
   "outputs": [
    {
     "data": {
      "text/plain": [
       "u'/Users/Kepler/code/seelviz/Tony/ipynb'"
      ]
     },
     "execution_count": 3,
     "metadata": {},
     "output_type": "execute_result"
    }
   ],
   "source": [
    "pwd"
   ]
  },
  {
   "cell_type": "code",
   "execution_count": 4,
   "metadata": {
    "collapsed": true
   },
   "outputs": [],
   "source": [
    "import numpy as np"
   ]
  },
  {
   "cell_type": "code",
   "execution_count": 5,
   "metadata": {
    "collapsed": true
   },
   "outputs": [],
   "source": [
    "import math\n",
    "from scipy import ndimage\n",
    "import nibabel as nib"
   ]
  },
  {
   "cell_type": "code",
   "execution_count": 21,
   "metadata": {
    "collapsed": true
   },
   "outputs": [],
   "source": [
    "## Change later on\n",
    "# file_path = \"/Users/Tony/Documents/Git Folder/seelviz/Tony/ipynb/TIFF_stack\"\n",
    "file_path = \"/Users/Kepler/code/seelviz/Tony/ipynb/TIFF_stack/page\"\n",
    "directory = os.path.dirname(file_path)"
   ]
  },
  {
   "cell_type": "code",
   "execution_count": 22,
   "metadata": {
    "collapsed": false
   },
   "outputs": [
    {
     "data": {
      "text/plain": [
       "u'/Users/Kepler/code/seelviz/Tony/ipynb/TIFF_stack'"
      ]
     },
     "execution_count": 22,
     "metadata": {},
     "output_type": "execute_result"
    }
   ],
   "source": [
    "pwd"
   ]
  },
  {
   "cell_type": "code",
   "execution_count": 24,
   "metadata": {
    "collapsed": false
   },
   "outputs": [
    {
     "ename": "SyntaxError",
     "evalue": "invalid syntax (<ipython-input-24-c80a05be5086>, line 2)",
     "output_type": "error",
     "traceback": [
      "\u001b[0;36m  File \u001b[0;32m\"<ipython-input-24-c80a05be5086>\"\u001b[0;36m, line \u001b[0;32m2\u001b[0m\n\u001b[0;31m    cd page/\u001b[0m\n\u001b[0m          ^\u001b[0m\n\u001b[0;31mSyntaxError\u001b[0m\u001b[0;31m:\u001b[0m invalid syntax\n"
     ]
    }
   ],
   "source": [
    "# cd TIFF_stack/"
   ]
  },
  {
   "cell_type": "code",
   "execution_count": 25,
   "metadata": {
    "collapsed": false
   },
   "outputs": [
    {
     "name": "stdout",
     "output_type": "stream",
     "text": [
      "/Users/Kepler/code/seelviz/Tony/ipynb/TIFF_stack/page\n"
     ]
    }
   ],
   "source": [
    "cd page/"
   ]
  },
  {
   "cell_type": "code",
   "execution_count": 26,
   "metadata": {
    "collapsed": true
   },
   "outputs": [],
   "source": [
    "from PIL import Image\n",
    "from numpy import matlib\n",
    "from scipy import signal"
   ]
  },
  {
   "cell_type": "markdown",
   "metadata": {},
   "source": [
    "# Loading the TIFF stack"
   ]
  },
  {
   "cell_type": "code",
   "execution_count": 29,
   "metadata": {
    "collapsed": false,
    "scrolled": true
   },
   "outputs": [
    {
     "name": "stdout",
     "output_type": "stream",
     "text": [
      "(600, 800, 4)\n",
      "(600, 800, 4)\n"
     ]
    }
   ],
   "source": [
    "im = Image.open('page1.tiff')\n",
    "# im.show()\n",
    "\n",
    "imarray = np.array(im)\n",
    "print(imarray.shape)\n",
    "# print(imarray)\n",
    "\n",
    "im = Image.open('page2.tiff')\n",
    "# im.show()\n",
    "\n",
    "imarray2 = np.array(im)\n",
    "print(imarray2.shape)"
   ]
  },
  {
   "cell_type": "code",
   "execution_count": 39,
   "metadata": {
    "collapsed": false
   },
   "outputs": [
    {
     "name": "stdout",
     "output_type": "stream",
     "text": [
      "(600, 800, 4, 2)\n"
     ]
    },
    {
     "ename": "ValueError",
     "evalue": "all input arrays must have the same shape",
     "output_type": "error",
     "traceback": [
      "\u001b[0;31m---------------------------------------------------------------------------\u001b[0m",
      "\u001b[0;31mValueError\u001b[0m                                Traceback (most recent call last)",
      "\u001b[0;32m<ipython-input-39-cf753ebc6260>\u001b[0m in \u001b[0;36m<module>\u001b[0;34m()\u001b[0m\n\u001b[1;32m      2\u001b[0m \u001b[0;32mprint\u001b[0m \u001b[0ms\u001b[0m\u001b[0;34m.\u001b[0m\u001b[0mshape\u001b[0m\u001b[0;34m\u001b[0m\u001b[0m\n\u001b[1;32m      3\u001b[0m \u001b[0;34m\u001b[0m\u001b[0m\n\u001b[0;32m----> 4\u001b[0;31m \u001b[0ms2\u001b[0m \u001b[0;34m=\u001b[0m \u001b[0mnp\u001b[0m\u001b[0;34m.\u001b[0m\u001b[0mstack\u001b[0m\u001b[0;34m(\u001b[0m\u001b[0;34m(\u001b[0m\u001b[0ms\u001b[0m\u001b[0;34m,\u001b[0m \u001b[0mimarray2\u001b[0m\u001b[0;34m)\u001b[0m\u001b[0;34m,\u001b[0m \u001b[0maxis\u001b[0m\u001b[0;34m=\u001b[0m\u001b[0;36m3\u001b[0m\u001b[0;34m)\u001b[0m\u001b[0;34m\u001b[0m\u001b[0m\n\u001b[0m\u001b[1;32m      5\u001b[0m \u001b[0;32mprint\u001b[0m \u001b[0ms2\u001b[0m\u001b[0;34m.\u001b[0m\u001b[0mshape\u001b[0m\u001b[0;34m\u001b[0m\u001b[0m\n\u001b[1;32m      6\u001b[0m \u001b[0;34m\u001b[0m\u001b[0m\n",
      "\u001b[0;32m/Users/Kepler/anaconda/envs/ml/lib/python2.7/site-packages/numpy/core/shape_base.pyc\u001b[0m in \u001b[0;36mstack\u001b[0;34m(arrays, axis)\u001b[0m\n\u001b[1;32m    337\u001b[0m     \u001b[0mshapes\u001b[0m \u001b[0;34m=\u001b[0m \u001b[0mset\u001b[0m\u001b[0;34m(\u001b[0m\u001b[0marr\u001b[0m\u001b[0;34m.\u001b[0m\u001b[0mshape\u001b[0m \u001b[0;32mfor\u001b[0m \u001b[0marr\u001b[0m \u001b[0;32min\u001b[0m \u001b[0marrays\u001b[0m\u001b[0;34m)\u001b[0m\u001b[0;34m\u001b[0m\u001b[0m\n\u001b[1;32m    338\u001b[0m     \u001b[0;32mif\u001b[0m \u001b[0mlen\u001b[0m\u001b[0;34m(\u001b[0m\u001b[0mshapes\u001b[0m\u001b[0;34m)\u001b[0m \u001b[0;34m!=\u001b[0m \u001b[0;36m1\u001b[0m\u001b[0;34m:\u001b[0m\u001b[0;34m\u001b[0m\u001b[0m\n\u001b[0;32m--> 339\u001b[0;31m         \u001b[0;32mraise\u001b[0m \u001b[0mValueError\u001b[0m\u001b[0;34m(\u001b[0m\u001b[0;34m'all input arrays must have the same shape'\u001b[0m\u001b[0;34m)\u001b[0m\u001b[0;34m\u001b[0m\u001b[0m\n\u001b[0m\u001b[1;32m    340\u001b[0m \u001b[0;34m\u001b[0m\u001b[0m\n\u001b[1;32m    341\u001b[0m     \u001b[0mresult_ndim\u001b[0m \u001b[0;34m=\u001b[0m \u001b[0marrays\u001b[0m\u001b[0;34m[\u001b[0m\u001b[0;36m0\u001b[0m\u001b[0;34m]\u001b[0m\u001b[0;34m.\u001b[0m\u001b[0mndim\u001b[0m \u001b[0;34m+\u001b[0m \u001b[0;36m1\u001b[0m\u001b[0;34m\u001b[0m\u001b[0m\n",
      "\u001b[0;31mValueError\u001b[0m: all input arrays must have the same shape"
     ]
    }
   ],
   "source": [
    "s = np.stack((imarray, imarray2), axis=3)\n",
    "print s.shape\n",
    "\n",
    "s2 = np.stack((s, imarray2), axis=3)\n",
    "print s2.shape\n",
    "\n",
    "c = np.concatenate((imarray[...,np.newaxis], imarray2[...,np.newaxis]),axis=3)\n",
    "print c.shape"
   ]
  },
  {
   "cell_type": "code",
   "execution_count": 16,
   "metadata": {
    "collapsed": true
   },
   "outputs": [],
   "source": [
    "def tiff_to_array(input_path):\n",
    "    im = Image.open(input_path)\n",
    "    # im.show()\n",
    "\n",
    "    imarray = np.array(im)\n",
    "    # print(imarray)\n",
    "    \n",
    "    return imarray"
   ]
  },
  {
   "cell_type": "code",
   "execution_count": null,
   "metadata": {
    "collapsed": true
   },
   "outputs": [],
   "source": [
    "for filename in os.listdir(file_path):\n",
    "    if filename.endswith(\".tiff\"):\n",
    "        # print(os.path.join(directory, filename))\n",
    "        im_list = []\n",
    "        im_arr = tiff_to_array(file_name)\n",
    "        im_list.append(im_arr)\n",
    "        \n",
    "    s = np.stack(im_list, axis=3)\n",
    "    print s.shape"
   ]
  },
  {
   "cell_type": "code",
   "execution_count": null,
   "metadata": {
    "collapsed": true
   },
   "outputs": [],
   "source": [
    "def tiff_stack_to_array(input_path):\n",
    "    \"\"\"input_path should lead to a directory\"\"\"\n",
    "    for filename in os.listdir(file_path):\n",
    "    if filename.endswith(\".tiff\"):\n",
    "        # print(os.path.join(directory, filename))\n",
    "        im_list = []\n",
    "        im_arr = tiff_to_array(file_name)\n",
    "        im_list.append(im_arr)\n",
    "        \n",
    "    s = np.stack(im_list, axis=3)\n",
    "    print s.shape\n",
    "    return s"
   ]
  },
  {
   "cell_type": "code",
   "execution_count": 10,
   "metadata": {
    "collapsed": true
   },
   "outputs": [],
   "source": [
    "'''\n",
    "Function to generate derivatives of Gaussian kernels, in either 1D, 2D, or 3D.\n",
    "Source code in MATLAB obtained from Qiyuan Tian, Stanford University, September 2015\n",
    "Edited to work in Python by Tony.\n",
    "'''\n",
    "\n",
    "def doggen(sigma):\n",
    "    halfsize = np.ceil(3 * np.max(sigma))\n",
    "    x = range(np.single(-halfsize), np.single(halfsize + 1));  # Python colon is not inclusive at end, while MATLAB is.\n",
    "    dim = len(sigma);\n",
    "    \n",
    "    if dim == 1:\n",
    "        X = np.array(x);  # Remember that, by default, numpy arrays are elementwise multiplicative\n",
    "        k = -X * np.exp(-X**2/(2 * sigma**2));\n",
    "        \n",
    "    elif dim == 2:\n",
    "        [X, Y] = np.meshgrid(x, x);\n",
    "        k = -X * np.exp(-X**2/(2*sigma[0]^2) * np.exp(-Y**2))\n",
    "        \n",
    "    elif dim == 3:\n",
    "        [X, Y, Z] = np.meshgrid(x, x, x);\n",
    "        X = X.transpose(0, 2, 1);  # Obtained through vigorous testing (see below...)\n",
    "        Y = Y.transpose(2, 0, 1);\n",
    "        Z = Z.transpose(2, 1, 0);\n",
    "        \n",
    "        X = X.astype(float);\n",
    "        Y = Y.astype(float);\n",
    "        Z = Z.astype(float);\n",
    "        k = -X * np.exp(np.divide(-np.power(X, 2), 2 * np.power(sigma[0], 2))) * np.exp(np.divide(-np.power(Y,2), 2 * np.power(sigma[1],2))) * np.exp(np.divide(-np.power(Z,2), 2 * np.power(sigma[2],2)))\n",
    "        \n",
    "    else:\n",
    "        print 'Only supports up to 3 dimensions'\n",
    "        \n",
    "    return np.divide(k, np.sum(np.abs(k[:])));"
   ]
  },
  {
   "cell_type": "code",
   "execution_count": 11,
   "metadata": {
    "collapsed": true
   },
   "outputs": [],
   "source": [
    "'''\n",
    "Function to generate Gaussian kernels, in 1D, 2D and 3D.\n",
    "Source code in MATLAB obtained from Qiyuan Tian, Stanford University, September 2015\n",
    "Edited to work in Python by Tony. \n",
    "'''\n",
    "\n",
    "def gaussgen(sigma):\n",
    "    halfsize = np.ceil(3 * max(sigma));\n",
    "    x = range(np.single(-halfsize), np.single(halfsize + 1));\n",
    "\n",
    "    dim = len(sigma);\n",
    "\n",
    "    if dim == 1:\n",
    "        k = np.exp(-x**2 / (2 * sigma^2));\n",
    "    \n",
    "    elif dim == 2:\n",
    "        [X, Y] = np.meshgrid(x, x);\n",
    "        k = np.exp(-X**2 / (2 * sigma[0]**2)) * np.exp(-Y**2 / (2 * sigma[1]**2)); \n",
    "    \n",
    "    elif dim == 3:\n",
    "        [X, Y, Z] = np.meshgrid(x, x, x);\n",
    "        X = X.transpose(0, 2, 1);  # Obtained through vigorous testing (see below...)\n",
    "        Y = Y.transpose(2, 0, 1);\n",
    "        Z = Z.transpose(2, 1, 0);\n",
    "        \n",
    "        X = X.astype(float);  # WHY PYTHON?\n",
    "        Y = Y.astype(float);\n",
    "        Z = Z.astype(float);\n",
    "        k = np.exp(-X**2 / (2 * sigma[0]**2)) * np.exp(-Y**2 / (2 * sigma[1]**2)) * np.exp(-Z**2 / (2 * sigma[2]**2));\n",
    "    \n",
    "    else:\n",
    "        print 'Only supports up to dimension 3'\n",
    "\n",
    "    return np.divide(k, np.sum(np.abs(k)));"
   ]
  },
  {
   "cell_type": "code",
   "execution_count": 12,
   "metadata": {
    "collapsed": false
   },
   "outputs": [],
   "source": [
    "# Set up results directory\n",
    "if not os.path.exists(directory):\n",
    "    os.makedirs(directory)\n",
    "\n",
    "# im = Image.open('page1.tiff')  # Needs to be changed to dynamically go down list of fnDataArr (currently just loads same test image)\n",
    "# Omitted: channel data (red/green - our CLARITY data was single channel, so no channel data loaded.)\n",
    "ones = np.single(100 * np.ones((10, 10, 10)));  #data is hard coded to be np.ones\n",
    "\n",
    "# image has a line of intensity value 100 at col = 4, depth = 4\n",
    "line = np.zeros((10, 10, 10))\n",
    "line[:,2,2] = 100\n",
    "line = np.single(line)"
   ]
  },
  {
   "cell_type": "code",
   "execution_count": 13,
   "metadata": {
    "collapsed": false
   },
   "outputs": [
    {
     "name": "stdout",
     "output_type": "stream",
     "text": [
      "Start DoG Sigma on 1\n",
      "GA SHAPE:\n",
      "(10, 10, 10)\n",
      "GV SHAPE:\n",
      "(10, 10, 10, 3)\n",
      "Start Gauss Sigma with gausigma = 2.3\n",
      "Generating Gaussian kernel...\n",
      "Blurring gradient products...\n",
      "Saving a copy for this Gaussian sigma...\n",
      "Complete!\n",
      "Start DoG Sigma on 1\n",
      "GA SHAPE:\n",
      "(10, 10, 10)\n",
      "GV SHAPE:\n",
      "(10, 10, 10, 3)\n",
      "Start Gauss Sigma with gausigma = 2.3\n",
      "Generating Gaussian kernel...\n",
      "Blurring gradient products...\n"
     ]
    },
    {
     "name": "stderr",
     "output_type": "stream",
     "text": [
      "/Users/Kepler/anaconda/envs/ml/lib/python2.7/site-packages/ipykernel/__main__.py:76: RuntimeWarning: invalid value encountered in divide\n"
     ]
    },
    {
     "name": "stdout",
     "output_type": "stream",
     "text": [
      "Saving a copy for this Gaussian sigma...\n",
      "Complete!\n"
     ]
    }
   ],
   "source": [
    "types_of_data = [ones, line];\n",
    "tensorFSLTEST = [];\n",
    "\n",
    "for x in types_of_data:\n",
    "    img_data = x;\n",
    "    #print img_data[:, :, 3];\n",
    "    \n",
    "    for jj in range(len(dogsigmaArr)):\n",
    "        dogsigma = dogsigmaArr[jj];\n",
    "        print \"Start DoG Sigma on \" + str(dogsigma);\n",
    "\n",
    "        # Generate dog kernels\n",
    "        dogkercc = doggen([dogsigma, dogsigma, dogsigma]);\n",
    "        dogkercc = np.transpose(dogkercc, (0, 2, 1));  # annoying\n",
    "\n",
    "        #print dogkercc.shape;\n",
    "        #print dogkercc[:, :, 0];\n",
    "\n",
    "        dogkerrr = np.transpose(dogkercc, (1, 0, 2));\n",
    "\n",
    "        #print dogkerrr[:, :, 0];\n",
    "        dogkerzz = np.transpose(dogkercc, (0, 2, 1));\n",
    "\n",
    "        #print dogkerzz[:, :, 0];\n",
    "\n",
    "        # Compute gradients\n",
    "        grr = signal.convolve(img_data, dogkerrr, 'same');\n",
    "\n",
    "        #print grr[:, :, 0];\n",
    "\n",
    "        gcc = signal.convolve(img_data, dogkercc, 'same');\n",
    "\n",
    "        #print gcc[:, :, 0];\n",
    "\n",
    "        gzz = signal.convolve(img_data, dogkerzz, 'same');\n",
    "\n",
    "        #print gzz[:, :, 0];\n",
    "\n",
    "        # Compute gradient products\n",
    "        gprrrr = np.multiply(grr, grr);\n",
    "\n",
    "        #print gprrrr[:, :, 0];\n",
    "\n",
    "        gprrcc = np.multiply(grr, gcc);\n",
    "\n",
    "        #print gprrcc[:, :, 0];\n",
    "\n",
    "        gprrzz = np.multiply(grr, gzz);\n",
    "\n",
    "        #print gprrzz[:, :, 0]\n",
    "\n",
    "        gpcccc = np.multiply(gcc, gcc);\n",
    "        gpcczz = np.multiply(gcc, gzz);\n",
    "        gpzzzz = np.multiply(gzz, gzz);\n",
    "\n",
    "        # Compute gradient amplitudes\n",
    "        # print ga.dtype;\n",
    "        ga = np.sqrt(gprrrr + gpcccc + gpzzzz);\n",
    "\n",
    "        #print ga[:, :, 0];\n",
    "\n",
    "        print \"GA SHAPE:\"\n",
    "        print ga.shape;\n",
    "\n",
    "        # Convert numpy ndarray object to Nifti data type\n",
    "        gradient_amplitudes_data = nib.Nifti1Image(ga, affine=np.eye(4));\n",
    "\n",
    "        # Save gradient amplitudes image \n",
    "        nib.save(gradient_amplitudes_data, 'gradient_amplitudes.nii');\n",
    "\n",
    "        # Compute gradient vectors\n",
    "        gv = np.concatenate((grr[..., np.newaxis], gcc[..., np.newaxis], gzz[..., np.newaxis]), axis = 3);\n",
    "        \n",
    "        #print gv[:, :, 0, 0];\n",
    "        \n",
    "        gv = np.divide(gv, np.tile(ga[..., None], [1, 1, 1, 3]));\n",
    "        #print gv[:, :, 0, 1];\n",
    "\n",
    "        print \"GV SHAPE:\"\n",
    "        print gv.shape;\n",
    "\n",
    "        # Convert numpy ndarray object to Nifti data type\n",
    "        gradient_vectors_data = nib.Nifti1Image(gv, affine=np.eye(4));\n",
    "\n",
    "        # Save gradient vectors\n",
    "        nib.save(gradient_vectors_data, 'gradient_vectors.nii');\n",
    "\n",
    "        # Compute structure tensor\n",
    "        for kk in range(len(gausigmaArr)):\n",
    "            gausigma = gausigmaArr[kk];\n",
    "            print \"Start Gauss Sigma with gausigma = \" + str(gausigma);\n",
    "\n",
    "            print \"Generating Gaussian kernel...\"\n",
    "            gaussker = np.single(gaussgen([gausigma, gausigma, gausigma]));\n",
    "\n",
    "            #print gaussker[:, :, 0];\n",
    "\n",
    "            print \"Blurring gradient products...\"\n",
    "            gprrrrgauss = signal.convolve(gprrrr, gaussker, \"same\");\n",
    "            \n",
    "            #print gprrrrgauss[:, :, 0];\n",
    "            \n",
    "            gprrccgauss = signal.convolve(gprrcc, gaussker, \"same\");\n",
    "            \n",
    "            #print gprrccgauss[:, :, 0];\n",
    "            \n",
    "            gprrzzgauss = signal.convolve(gprrzz, gaussker, \"same\");\n",
    "            gpccccgauss = signal.convolve(gpcccc, gaussker, \"same\");\n",
    "            gpcczzgauss = signal.convolve(gpcczz, gaussker, \"same\");\n",
    "            gpzzzzgauss = signal.convolve(gpzzzz, gaussker, \"same\");\n",
    "\n",
    "            print \"Saving a copy for this Gaussian sigma...\"\n",
    "            tensorfsl = np.concatenate((gprrrrgauss[..., np.newaxis], gprrccgauss[..., np.newaxis], gprrzzgauss[..., np.newaxis], gpccccgauss[..., np.newaxis], gpcczzgauss[..., np.newaxis], gpzzzzgauss[..., np.newaxis]), axis = 3);\n",
    "            tensorFSLTEST.append(tensorfsl);\n",
    "            \n",
    "             # Convert numpy ndarray object to Nifti data type\n",
    "            tensor_fsl_data = nib.Nifti1Image(tensorfsl, affine=np.eye(4));\n",
    "\n",
    "            nib.save(tensor_fsl_data, \"dogsigma_\" + str(jj) + \"gausigma_\" + str(kk) + 'tensorfsl.nii');\n",
    "\n",
    "    print 'Complete!'"
   ]
  },
  {
   "cell_type": "code",
   "execution_count": 14,
   "metadata": {
    "collapsed": true
   },
   "outputs": [],
   "source": [
    "## ONES:\n",
    "tensorfsl = tensorFSLTEST[0];"
   ]
  },
  {
   "cell_type": "code",
   "execution_count": 15,
   "metadata": {
    "collapsed": false
   },
   "outputs": [
    {
     "name": "stdout",
     "output_type": "stream",
     "text": [
      "(10, 10, 10, 6)\n"
     ]
    }
   ],
   "source": [
    "## Compare tensor_fsl_data with imported values from MATLAB\n",
    "print tensorfsl.shape  # numpy"
   ]
  },
  {
   "cell_type": "code",
   "execution_count": 16,
   "metadata": {
    "collapsed": true
   },
   "outputs": [],
   "source": [
    "MATLAB_output = nib.load(\"/Users/Tony/Documents/Git Folder/seelviz/Tony/ipynb/test_MATLAB_10by10by10_outputs/dogsig1_gausig2.3/test_MATLAB_tensorfsl_dogsig1_gausig2.3.nii\")"
   ]
  },
  {
   "cell_type": "code",
   "execution_count": 17,
   "metadata": {
    "collapsed": false
   },
   "outputs": [
    {
     "name": "stdout",
     "output_type": "stream",
     "text": [
      "(10, 10, 10, 6)\n"
     ]
    }
   ],
   "source": [
    "print MATLAB_output.shape"
   ]
  },
  {
   "cell_type": "code",
   "execution_count": 18,
   "metadata": {
    "collapsed": false
   },
   "outputs": [
    {
     "name": "stdout",
     "output_type": "stream",
     "text": [
      "(10, 10, 10, 6)\n"
     ]
    }
   ],
   "source": [
    "MATLAB_np_array = MATLAB_output.get_data()\n",
    "print MATLAB_np_array.shape"
   ]
  },
  {
   "cell_type": "code",
   "execution_count": 19,
   "metadata": {
    "collapsed": false
   },
   "outputs": [
    {
     "name": "stdout",
     "output_type": "stream",
     "text": [
      "[[[ 109.85943033  147.37287499  179.26563687  201.37589584  212.3919397\n",
      "    212.3919397   201.37589584  179.26563687  147.37287499  109.85943033]\n",
      "  [ 147.37287499  197.69594847  240.47905765  270.13925545  284.91692228\n",
      "    284.91692228  270.13925545  240.47905765  197.69594847  147.37287499]\n",
      "  [ 179.26563687  240.47905765  292.52080083  328.5997214   346.57540288\n",
      "    346.57540288  328.5997214   292.52080083  240.47905765  179.26563687]\n",
      "  [ 201.37589584  270.13925545  328.5997214   369.12854264  389.32130808\n",
      "    389.32130808  369.12854264  328.5997214   270.13925545  201.37589584]\n",
      "  [ 212.3919397   284.91692228  346.57540288  389.32130808  410.61869621\n",
      "    410.61869621  389.32130808  346.57540288  284.91692228  212.3919397 ]\n",
      "  [ 212.3919397   284.91692228  346.57540288  389.32130808  410.61869621\n",
      "    410.61869621  389.32130808  346.57540288  284.91692228  212.3919397 ]\n",
      "  [ 201.37589584  270.13925545  328.5997214   369.12854264  389.32130808\n",
      "    389.32130808  369.12854264  328.5997214   270.13925545  201.37589584]\n",
      "  [ 179.26563687  240.47905765  292.52080083  328.5997214   346.57540288\n",
      "    346.57540288  328.5997214   292.52080083  240.47905765  179.26563687]\n",
      "  [ 147.37287499  197.69594847  240.47905765  270.13925545  284.91692228\n",
      "    284.91692228  270.13925545  240.47905765  197.69594847  147.37287499]\n",
      "  [ 109.85943033  147.37287499  179.26563687  201.37589584  212.3919397\n",
      "    212.3919397   201.37589584  179.26563687  147.37287499  109.85943033]]\n",
      "\n",
      " [[ 102.01451941  136.84918042  166.46452405  186.99591984  197.22532319\n",
      "    197.22532319  186.99591984  166.46452405  136.84918042  102.01451941]\n",
      "  [ 136.84918042  183.57875205  223.30677825  250.84898216  264.57139616\n",
      "    264.57139616  250.84898216  223.30677825  183.57875205  136.84918042]\n",
      "  [ 166.46452405  223.30677825  271.63229216  305.13486668  321.82692951\n",
      "    321.82692951  305.13486668  271.63229216  223.30677825  166.46452405]\n",
      "  [ 186.99591984  250.84898216  305.13486668  342.76958054  361.52040841\n",
      "    361.52040841  342.76958054  305.13486668  250.84898216  186.99591984]\n",
      "  [ 197.22532319  264.57139616  321.82692951  361.52040841  381.29697939\n",
      "    381.29697939  361.52040841  321.82692951  264.57139616  197.22532319]\n",
      "  [ 197.22532319  264.57139616  321.82692951  361.52040841  381.29697939\n",
      "    381.29697939  361.52040841  321.82692951  264.57139616  197.22532319]\n",
      "  [ 186.99591984  250.84898216  305.13486668  342.76958054  361.52040841\n",
      "    361.52040841  342.76958054  305.13486668  250.84898216  186.99591984]\n",
      "  [ 166.46452405  223.30677825  271.63229216  305.13486668  321.82692951\n",
      "    321.82692951  305.13486668  271.63229216  223.30677825  166.46452405]\n",
      "  [ 136.84918042  183.57875205  223.30677825  250.84898216  264.57139616\n",
      "    264.57139616  250.84898216  223.30677825  183.57875205  136.84918042]\n",
      "  [ 102.01451941  136.84918042  166.46452405  186.99591984  197.22532319\n",
      "    197.22532319  186.99591984  166.46452405  136.84918042  102.01451941]]\n",
      "\n",
      " [[  79.87859737  107.15455673  130.34372749  146.42005751  154.4298035\n",
      "    154.4298035   146.42005751  130.34372749  107.15455673   79.87859737]\n",
      "  [ 107.15455673  143.74437464  174.85189774  196.41777491  207.16259029\n",
      "    207.16259029  196.41777491  174.85189774  143.74437464  107.15455673]\n",
      "  [ 130.34372749  174.85189774  212.69135729  238.92427637  251.99436252\n",
      "    251.99436252  238.92427637  212.69135729  174.85189774  130.34372749]\n",
      "  [ 146.42005751  196.41777491  238.92427637  268.39271027  283.07483424\n",
      "    283.07483424  268.39271027  238.92427637  196.41777491  146.42005751]\n",
      "  [ 154.4298035   207.16259029  251.99436252  283.07483424  298.56012742\n",
      "    298.56012742  283.07483424  251.99436252  207.16259029  154.4298035 ]\n",
      "  [ 154.4298035   207.16259029  251.99436252  283.07483424  298.56012742\n",
      "    298.56012742  283.07483424  251.99436252  207.16259029  154.4298035 ]\n",
      "  [ 146.42005751  196.41777491  238.92427637  268.39271027  283.07483424\n",
      "    283.07483424  268.39271027  238.92427637  196.41777491  146.42005751]\n",
      "  [ 130.34372749  174.85189774  212.69135729  238.92427637  251.99436252\n",
      "    251.99436252  238.92427637  212.69135729  174.85189774  130.34372749]\n",
      "  [ 107.15455673  143.74437464  174.85189774  196.41777491  207.16259029\n",
      "    207.16259029  196.41777491  174.85189774  143.74437464  107.15455673]\n",
      "  [  79.87859737  107.15455673  130.34372749  146.42005751  154.4298035\n",
      "    154.4298035   146.42005751  130.34372749  107.15455673   79.87859737]]\n",
      "\n",
      " [[  54.69336438   73.36938073   89.24714786  100.25470939  105.73903143\n",
      "    105.73903143  100.25470939   89.24714786   73.36938073   54.69336438]\n",
      "  [  73.36938073   98.42265313  119.72216462  134.48845267  141.84549342\n",
      "    141.84549342  134.48845267  119.72216462   98.42265313   73.36938073]\n",
      "  [  89.24714786  119.72216462  145.63107419  163.59291438  172.54208224\n",
      "    172.54208224  163.59291438  145.63107419  119.72216462   89.24714786]\n",
      "  [ 100.25470939  134.48845267  163.59291438  183.77013138  193.82307139\n",
      "    193.82307139  183.77013138  163.59291438  134.48845267  100.25470939]\n",
      "  [ 105.73903143  141.84549342  172.54208224  193.82307139  204.42594628\n",
      "    204.42594628  193.82307139  172.54208224  141.84549342  105.73903143]\n",
      "  [ 105.73903143  141.84549342  172.54208224  193.82307139  204.42594628\n",
      "    204.42594628  193.82307139  172.54208224  141.84549342  105.73903143]\n",
      "  [ 100.25470939  134.48845267  163.59291438  183.77013138  193.82307139\n",
      "    193.82307139  183.77013138  163.59291438  134.48845267  100.25470939]\n",
      "  [  89.24714786  119.72216462  145.63107419  163.59291438  172.54208224\n",
      "    172.54208224  163.59291438  145.63107419  119.72216462   89.24714786]\n",
      "  [  73.36938073   98.42265313  119.72216462  134.48845267  141.84549342\n",
      "    141.84549342  134.48845267  119.72216462   98.42265313   73.36938073]\n",
      "  [  54.69336438   73.36938073   89.24714786  100.25470939  105.73903143\n",
      "    105.73903143  100.25470939   89.24714786   73.36938073   54.69336438]]\n",
      "\n",
      " [[  38.68963919   51.90090047   63.13270326   70.91936242   74.79892705\n",
      "     74.79892705   70.91936242   63.13270326   51.90090047   38.68963919]\n",
      "  [  51.90090047   69.62338047   84.69048089   95.13603248  100.34034302\n",
      "    100.34034302   95.13603248   84.69048089   69.62338047   51.90090047]\n",
      "  [  63.13270326   84.69048089  103.01823188  115.72429098  122.05485924\n",
      "    122.05485924  115.72429098  103.01823188   84.69048089   63.13270326]\n",
      "  [  70.91936242   95.13603248  115.72429098  129.99748957  137.10885725\n",
      "    137.10885725  129.99748957  115.72429098   95.13603248   70.91936242]\n",
      "  [  74.79892705  100.34034302  122.05485924  137.10885725  144.60924436\n",
      "    144.60924436  137.10885725  122.05485924  100.34034302   74.79892705]\n",
      "  [  74.79892705  100.34034302  122.05485924  137.10885725  144.60924436\n",
      "    144.60924436  137.10885725  122.05485924  100.34034302   74.79892705]\n",
      "  [  70.91936242   95.13603248  115.72429098  129.99748957  137.10885725\n",
      "    137.10885725  129.99748957  115.72429098   95.13603248   70.91936242]\n",
      "  [  63.13270326   84.69048089  103.01823188  115.72429098  122.05485924\n",
      "    122.05485924  115.72429098  103.01823188   84.69048089   63.13270326]\n",
      "  [  51.90090047   69.62338047   84.69048089   95.13603248  100.34034302\n",
      "    100.34034302   95.13603248   84.69048089   69.62338047   51.90090047]\n",
      "  [  38.68963919   51.90090047   63.13270326   70.91936242   74.79892705\n",
      "     74.79892705   70.91936242   63.13270326   51.90090047   38.68963919]]\n",
      "\n",
      " [[  38.68963919   51.90090047   63.13270326   70.91936242   74.79892705\n",
      "     74.79892705   70.91936242   63.13270326   51.90090047   38.68963919]\n",
      "  [  51.90090047   69.62338047   84.69048089   95.13603248  100.34034302\n",
      "    100.34034302   95.13603248   84.69048089   69.62338047   51.90090047]\n",
      "  [  63.13270326   84.69048089  103.01823188  115.72429098  122.05485924\n",
      "    122.05485924  115.72429098  103.01823188   84.69048089   63.13270326]\n",
      "  [  70.91936242   95.13603248  115.72429098  129.99748957  137.10885725\n",
      "    137.10885725  129.99748957  115.72429098   95.13603248   70.91936242]\n",
      "  [  74.79892705  100.34034302  122.05485924  137.10885725  144.60924436\n",
      "    144.60924436  137.10885725  122.05485924  100.34034302   74.79892705]\n",
      "  [  74.79892705  100.34034302  122.05485924  137.10885725  144.60924436\n",
      "    144.60924436  137.10885725  122.05485924  100.34034302   74.79892705]\n",
      "  [  70.91936242   95.13603248  115.72429098  129.99748957  137.10885725\n",
      "    137.10885725  129.99748957  115.72429098   95.13603248   70.91936242]\n",
      "  [  63.13270326   84.69048089  103.01823188  115.72429098  122.05485924\n",
      "    122.05485924  115.72429098  103.01823188   84.69048089   63.13270326]\n",
      "  [  51.90090047   69.62338047   84.69048089   95.13603248  100.34034302\n",
      "    100.34034302   95.13603248   84.69048089   69.62338047   51.90090047]\n",
      "  [  38.68963919   51.90090047   63.13270326   70.91936242   74.79892705\n",
      "     74.79892705   70.91936242   63.13270326   51.90090047   38.68963919]]\n",
      "\n",
      " [[  54.69336438   73.36938073   89.24714786  100.25470939  105.73903143\n",
      "    105.73903143  100.25470939   89.24714786   73.36938073   54.69336438]\n",
      "  [  73.36938073   98.42265313  119.72216462  134.48845267  141.84549342\n",
      "    141.84549342  134.48845267  119.72216462   98.42265313   73.36938073]\n",
      "  [  89.24714786  119.72216462  145.63107419  163.59291438  172.54208224\n",
      "    172.54208224  163.59291438  145.63107419  119.72216462   89.24714786]\n",
      "  [ 100.25470939  134.48845267  163.59291438  183.77013138  193.82307139\n",
      "    193.82307139  183.77013138  163.59291438  134.48845267  100.25470939]\n",
      "  [ 105.73903143  141.84549342  172.54208224  193.82307139  204.42594628\n",
      "    204.42594628  193.82307139  172.54208224  141.84549342  105.73903143]\n",
      "  [ 105.73903143  141.84549342  172.54208224  193.82307139  204.42594628\n",
      "    204.42594628  193.82307139  172.54208224  141.84549342  105.73903143]\n",
      "  [ 100.25470939  134.48845267  163.59291438  183.77013138  193.82307139\n",
      "    193.82307139  183.77013138  163.59291438  134.48845267  100.25470939]\n",
      "  [  89.24714786  119.72216462  145.63107419  163.59291438  172.54208224\n",
      "    172.54208224  163.59291438  145.63107419  119.72216462   89.24714786]\n",
      "  [  73.36938073   98.42265313  119.72216462  134.48845267  141.84549342\n",
      "    141.84549342  134.48845267  119.72216462   98.42265313   73.36938073]\n",
      "  [  54.69336438   73.36938073   89.24714786  100.25470939  105.73903143\n",
      "    105.73903143  100.25470939   89.24714786   73.36938073   54.69336438]]\n",
      "\n",
      " [[  79.87859737  107.15455673  130.34372749  146.42005751  154.4298035\n",
      "    154.4298035   146.42005751  130.34372749  107.15455673   79.87859737]\n",
      "  [ 107.15455673  143.74437464  174.85189774  196.41777491  207.16259029\n",
      "    207.16259029  196.41777491  174.85189774  143.74437464  107.15455673]\n",
      "  [ 130.34372749  174.85189774  212.69135729  238.92427637  251.99436252\n",
      "    251.99436252  238.92427637  212.69135729  174.85189774  130.34372749]\n",
      "  [ 146.42005751  196.41777491  238.92427637  268.39271027  283.07483424\n",
      "    283.07483424  268.39271027  238.92427637  196.41777491  146.42005751]\n",
      "  [ 154.4298035   207.16259029  251.99436252  283.07483424  298.56012742\n",
      "    298.56012742  283.07483424  251.99436252  207.16259029  154.4298035 ]\n",
      "  [ 154.4298035   207.16259029  251.99436252  283.07483424  298.56012742\n",
      "    298.56012742  283.07483424  251.99436252  207.16259029  154.4298035 ]\n",
      "  [ 146.42005751  196.41777491  238.92427637  268.39271027  283.07483424\n",
      "    283.07483424  268.39271027  238.92427637  196.41777491  146.42005751]\n",
      "  [ 130.34372749  174.85189774  212.69135729  238.92427637  251.99436252\n",
      "    251.99436252  238.92427637  212.69135729  174.85189774  130.34372749]\n",
      "  [ 107.15455673  143.74437464  174.85189774  196.41777491  207.16259029\n",
      "    207.16259029  196.41777491  174.85189774  143.74437464  107.15455673]\n",
      "  [  79.87859737  107.15455673  130.34372749  146.42005751  154.4298035\n",
      "    154.4298035   146.42005751  130.34372749  107.15455673   79.87859737]]\n",
      "\n",
      " [[ 102.01451941  136.84918042  166.46452405  186.99591984  197.22532319\n",
      "    197.22532319  186.99591984  166.46452405  136.84918042  102.01451941]\n",
      "  [ 136.84918042  183.57875205  223.30677825  250.84898216  264.57139616\n",
      "    264.57139616  250.84898216  223.30677825  183.57875205  136.84918042]\n",
      "  [ 166.46452405  223.30677825  271.63229216  305.13486668  321.82692951\n",
      "    321.82692951  305.13486668  271.63229216  223.30677825  166.46452405]\n",
      "  [ 186.99591984  250.84898216  305.13486668  342.76958054  361.52040841\n",
      "    361.52040841  342.76958054  305.13486668  250.84898216  186.99591984]\n",
      "  [ 197.22532319  264.57139616  321.82692951  361.52040841  381.29697939\n",
      "    381.29697939  361.52040841  321.82692951  264.57139616  197.22532319]\n",
      "  [ 197.22532319  264.57139616  321.82692951  361.52040841  381.29697939\n",
      "    381.29697939  361.52040841  321.82692951  264.57139616  197.22532319]\n",
      "  [ 186.99591984  250.84898216  305.13486668  342.76958054  361.52040841\n",
      "    361.52040841  342.76958054  305.13486668  250.84898216  186.99591984]\n",
      "  [ 166.46452405  223.30677825  271.63229216  305.13486668  321.82692951\n",
      "    321.82692951  305.13486668  271.63229216  223.30677825  166.46452405]\n",
      "  [ 136.84918042  183.57875205  223.30677825  250.84898216  264.57139616\n",
      "    264.57139616  250.84898216  223.30677825  183.57875205  136.84918042]\n",
      "  [ 102.01451941  136.84918042  166.46452405  186.99591984  197.22532319\n",
      "    197.22532319  186.99591984  166.46452405  136.84918042  102.01451941]]\n",
      "\n",
      " [[ 109.85943033  147.37287499  179.26563687  201.37589584  212.3919397\n",
      "    212.3919397   201.37589584  179.26563687  147.37287499  109.85943033]\n",
      "  [ 147.37287499  197.69594847  240.47905765  270.13925545  284.91692228\n",
      "    284.91692228  270.13925545  240.47905765  197.69594847  147.37287499]\n",
      "  [ 179.26563687  240.47905765  292.52080083  328.5997214   346.57540288\n",
      "    346.57540288  328.5997214   292.52080083  240.47905765  179.26563687]\n",
      "  [ 201.37589584  270.13925545  328.5997214   369.12854264  389.32130808\n",
      "    389.32130808  369.12854264  328.5997214   270.13925545  201.37589584]\n",
      "  [ 212.3919397   284.91692228  346.57540288  389.32130808  410.61869621\n",
      "    410.61869621  389.32130808  346.57540288  284.91692228  212.3919397 ]\n",
      "  [ 212.3919397   284.91692228  346.57540288  389.32130808  410.61869621\n",
      "    410.61869621  389.32130808  346.57540288  284.91692228  212.3919397 ]\n",
      "  [ 201.37589584  270.13925545  328.5997214   369.12854264  389.32130808\n",
      "    389.32130808  369.12854264  328.5997214   270.13925545  201.37589584]\n",
      "  [ 179.26563687  240.47905765  292.52080083  328.5997214   346.57540288\n",
      "    346.57540288  328.5997214   292.52080083  240.47905765  179.26563687]\n",
      "  [ 147.37287499  197.69594847  240.47905765  270.13925545  284.91692228\n",
      "    284.91692228  270.13925545  240.47905765  197.69594847  147.37287499]\n",
      "  [ 109.85943033  147.37287499  179.26563687  201.37589584  212.3919397\n",
      "    212.3919397   201.37589584  179.26563687  147.37287499  109.85943033]]]\n"
     ]
    }
   ],
   "source": [
    "print tensorfsl[:, :, :, 0];"
   ]
  },
  {
   "cell_type": "code",
   "execution_count": 20,
   "metadata": {
    "collapsed": false
   },
   "outputs": [
    {
     "name": "stdout",
     "output_type": "stream",
     "text": [
      "[[[ 109.85939789  147.37295532  179.26557922  201.37585449  212.39183044\n",
      "    212.39196777  201.37599182  179.26565552  147.37287903  109.85943604]\n",
      "  [ 147.37289429  197.69589233  240.47901917  270.13919067  284.91690063\n",
      "    284.91680908  270.13919067  240.47918701  197.69593811  147.37290955]\n",
      "  [ 179.26560974  240.47901917  292.52096558  328.59942627  346.57531738\n",
      "    346.57531738  328.59970093  292.52087402  240.47904968  179.26560974]\n",
      "  [ 201.37588501  270.13912964  328.59945679  369.12838745  389.32110596\n",
      "    389.32110596  369.12866211  328.59973145  270.13916016  201.37582397]\n",
      "  [ 212.39186096  284.91671753  346.57528687  389.3210144   410.61871338\n",
      "    410.61868286  389.32144165  346.57556152  284.91680908  212.391922  ]\n",
      "  [ 212.39189148  284.91677856  346.57519531  389.32107544  410.6187439\n",
      "    410.61865234  389.32144165  346.57556152  284.9168396   212.39190674]\n",
      "  [ 201.37590027  270.13916016  328.59954834  369.12850952  389.3213501\n",
      "    389.32125854  369.12860107  328.59979248  270.13919067  201.37588501]\n",
      "  [ 179.26556396  240.47903442  292.52087402  328.59942627  346.5753479\n",
      "    346.57537842  328.59963989  292.52081299  240.47912598  179.26560974]\n",
      "  [ 147.37287903  197.69586182  240.47903442  270.13916016  284.9168396\n",
