{
 "cells": [
  {
   "cell_type": "code",
   "execution_count": 2,
   "metadata": {
    "collapsed": true
   },
   "outputs": [],
   "source": [
    "## Following MATLAB code from http://capture-clarity.org/clarity-based-tractography/"
   ]
  },
  {
   "cell_type": "code",
   "execution_count": 4,
   "metadata": {
    "collapsed": true
   },
   "outputs": [],
   "source": [
    "import os"
   ]
  },
  {
   "cell_type": "code",
   "execution_count": 5,
   "metadata": {
    "collapsed": true
   },
   "outputs": [],
   "source": [
    "## Parameters (the script loops through all parameters and saves each result automatically)\n",
    "dogsigmaArr = [1];  # Sigma values for derivative of gaussian filter, recommended value: 0.6 - 1.3 (based on actual data)\n",
    "gausigmaArr = [2.3];  # Sigma values for gaussian filter, recommended value: 1.3 - 2.3 (based on actual data)\n",
    "angleArr = [25];  # Angle thresholds for fiber tracking, recommended value: 20 - 30"
   ]
  },
  {
   "cell_type": "code",
   "execution_count": 6,
   "metadata": {
    "collapsed": false
   },
   "outputs": [
    {
     "data": {
      "text/plain": [
       "u'/Users/Tony/Documents/Git Folder/seelviz/Tony/ipynb'"
      ]
     },
     "execution_count": 6,
     "metadata": {},
     "output_type": "execute_result"
    }
   ],
   "source": [
    "pwd"
   ]
  },
  {
   "cell_type": "code",
   "execution_count": 7,
   "metadata": {
    "collapsed": true
   },
   "outputs": [],
   "source": [
    "import numpy as np"
   ]
  },
  {
   "cell_type": "code",
   "execution_count": 8,
   "metadata": {
    "collapsed": true
   },
   "outputs": [],
   "source": [
    "import math\n",
    "from scipy import ndimage\n",
    "import nibabel as nib"
   ]
  },
  {
   "cell_type": "code",
   "execution_count": 9,
   "metadata": {
    "collapsed": true
   },
   "outputs": [],
   "source": [
    "## Change later on\n",
    "file_path = \"/Users/Tony/Documents/Git Folder/seelviz/Tony/ipynb/TIFF_stack\"\n",
    "directory = os.path.dirname(file_path)"
   ]
  },
  {
   "cell_type": "code",
   "execution_count": 10,
   "metadata": {
    "collapsed": false
   },
   "outputs": [
    {
     "name": "stdout",
     "output_type": "stream",
     "text": [
      "/Users/Tony/Documents/Git Folder/seelviz/Tony/ipynb/TIFF_stack\n"
     ]
    }
   ],
   "source": [
    "cd TIFF_stack/"
   ]
  },
  {
   "cell_type": "code",
   "execution_count": 112,
   "metadata": {
    "collapsed": true
   },
   "outputs": [],
   "source": [
    "from PIL import Image\n",
    "from numpy import matlib\n",
    "from scipy import signal"
   ]
  },
  {
   "cell_type": "code",
   "execution_count": 142,
   "metadata": {
    "collapsed": false
   },
   "outputs": [
    {
     "name": "stdout",
     "output_type": "stream",
     "text": [
      "100.0\n",
      "Start DoG Sigma on 1\n",
      "GA SHAPE:\n",
      "(10, 10, 10)\n",
      "GV SHAPE:\n",
      "(10, 10, 10, 3)\n",
      "Start Gauss Sigma with gausigma = 2.3\n",
      "Generating Gaussian kernel...\n",
      "Blurring gradient products...\n",
      "Saving a copy for this Gaussian sigma...\n",
      "Complete!\n"
     ]
    }
   ],
   "source": [
    "# Set up results directory\n",
    "if not os.path.exists(directory):\n",
    "    os.makedirs(directory)\n",
    "\n",
    "# im = Image.open('page1.tiff')  # Needs to be changed to dynamically go down list of fnDataArr (currently just loads same test image)\n",
    "# Omitted: channel data (red/green - our CLARITY data was single channel, so no channel data loaded.)\n",
    "img_data = np.single(100 * np.ones((10, 10, 10)));  #data is hard coded to be np.ones\n",
    "\n",
    "print img_data[0][0][0];\n",
    "\n",
    "for jj in range(len(dogsigmaArr)):\n",
    "    dogsigma = dogsigmaArr[jj];\n",
    "    print \"Start DoG Sigma on \" + str(dogsigma);\n",
    "\n",
    "    # Generate dog kernels\n",
    "    dogkercc = doggen([dogsigma, dogsigma, dogsigma]);\n",
    "    dogkercc = np.transpose(dogkercc1, (0, 1, 2));  # annoying\n",
    "\n",
    "    #print dogkercc.shape;\n",
    "    #print dogkercc[:, :, 0];\n",
    "    \n",
    "    dogkerrr = np.transpose(dogkercc, (1, 0, 2));\n",
    "    \n",
    "    #print dogkerrr[:, :, 0];\n",
    "    dogkerzz = np.transpose(dogkercc, (0, 2, 1));\n",
    "\n",
    "    #print dogkerzz[:, :, 0];\n",
    "    \n",
    "    # Compute gradients\n",
    "    grr = signal.fftconvolve(img_data, dogkercc, 'same');\n",
    "    grr = np.transpose(grr, (1, 0, 2));\n",
    "    \n",
    "    #print grr[:, :, 0];\n",
    "    \n",
    "    gcc = signal.fftconvolve(img_data, dogkerrr, 'same');\n",
    "    gcc = np.transpose(gcc, (1, 0, 2));\n",
    "    \n",
    "    #print gcc[:, :, 0];\n",
    "    \n",
    "    gzz = signal.fftconvolve(img_data, dogkerzz, 'same');\n",
    "    gzz = np.transpose(gzz, (1, 0, 2));\n",
    "    \n",
    "    #print gzz[:, :, 0];\n",
    "    \n",
    "    # Compute gradient products\n",
    "    gprrrr = np.multiply(grr, grr);\n",
    "    \n",
    "    #print gprrrr[:, :, 0];\n",
    "    \n",
    "    gprrcc = np.multiply(grr, gcc);\n",
    "    \n",
    "    #print gprrcc[:, :, 0];\n",
    "    \n",
    "    gprrzz = np.multiply(grr, gzz);\n",
    "    \n",
    "    #print gprrzz[:, :, 0]\n",
    "    \n",
    "    gpcccc = np.multiply(gcc, gcc);\n",
    "    gpcczz = np.multiply(gcc, gzz);\n",
    "    gpzzzz = np.multiply(gzz, gzz);\n",
    "\n",
    "    # Compute gradient amplitudes\n",
    "    #print ga.dtype;\n",
    "    ga = np.sqrt(gprrrr + gpcccc + gpzzzz);\n",
    "    \n",
    "    #print ga[:, :, 0];\n",
    "    \n",
    "    print \"GA SHAPE:\"\n",
    "    print ga.shape;\n",
    "\n",
    "    # Convert numpy ndarray object to Nifti data type\n",
    "    gradient_amplitudes_data = nib.Nifti1Image(ga, affine=np.eye(4));\n",
    "\n",
    "    # Save gradient amplitudes image \n",
    "    nib.save(gradient_amplitudes_data, 'gradient_amplitudes.nii');\n",
    "\n",
    "    # Compute gradient vectors\n",
    "    gv = np.concatenate((grr[..., np.newaxis], gcc[..., np.newaxis], gzz[..., np.newaxis]), axis = 3);\n",
    "    gv = np.divide(gv, np.tile(ga[..., None], [1, 1, 1, 3]));\n",
    "    #print gv[:, :, 0, 1];\n",
    "    \n",
    "    print \"GV SHAPE:\"\n",
    "    print gv.shape;\n",
    "    \n",
    "    # Convert numpy ndarray object to Nifti data type\n",
    "    gradient_vectors_data = nib.Nifti1Image(gv, affine=np.eye(4));\n",
    "\n",
    "    # Save gradient vectors\n",
    "    nib.save(gradient_vectors_data, 'gradient_vectors.nii');\n",
    "\n",
    "    # Compute structure tensor\n",
    "    for kk in range(len(gausigmaArr)):\n",
    "        gausigma = gausigmaArr[kk];\n",
    "        print \"Start Gauss Sigma with gausigma = \" + str(gausigma);\n",
    "\n",
    "        print \"Generating Gaussian kernel...\"\n",
    "        gaussker = np.single(gaussgen([gausigma, gausigma, gausigma]));\n",
    "        \n",
    "        #print gaussker[:, :, 0];\n",
    "\n",
    "        print \"Blurring gradient products...\"\n",
    "        gprrrrgauss = signal.fftconvolve(gprrrr, gaussker, \"same\");\n",
    "        gprrccgauss = signal.fftconvolve(gprrcc, gaussker, \"same\");\n",
    "        gprrzzgauss = signal.fftconvolve(gprrzz, gaussker, \"same\");\n",
    "        gpccccgauss = signal.fftconvolve(gpcccc, gaussker, \"same\");\n",
    "        gpcczzgauss = signal.fftconvolve(gpcczz, gaussker, \"same\");\n",
    "        gpzzzzgauss = signal.fftconvolve(gpzzzz, gaussker, \"same\");\n",
    "\n",
    "        print \"Saving a copy for this Gaussian sigma...\"\n",
    "        tensorfsl = np.concatenate((gprrrrgauss[..., np.newaxis], gprrccgauss[..., np.newaxis], gprrzzgauss[..., np.newaxis], gpccccgauss[..., np.newaxis], gpcczzgauss[..., np.newaxis], gpzzzzgauss[..., np.newaxis]), axis = 3);\n",
    "\n",
    "         # Convert numpy ndarray object to Nifti data type\n",
    "        tensor_fsl_data = nib.Nifti1Image(tensorfsl, affine=np.eye(4));\n",
    "\n",
    "        nib.save(tensor_fsl_data, \"dogsigma_\" + str(jj) + \"gausigma_\" + str(kk) + 'tensorfsl.nii');\n",
    "            \n",
    "print 'Complete!'"
   ]
  },
  {
   "cell_type": "code",
   "execution_count": 75,
   "metadata": {
    "collapsed": false
   },
   "outputs": [],
   "source": [
    "'''\n",
    "Function to generate derivatives of Gaussian kernels, in either 1D, 2D, or 3D.\n",
    "Source code in MATLAB obtained from Qiyuan Tian, Stanford University, September 2015\n",
    "Edited to work in Python by Tony\n",
    "'''\n",
    "\n",
    "def doggen(sigma):\n",
    "    halfsize = np.ceil(3 * np.max(sigma))\n",
    "    x = range(np.single(-halfsize), np.single(halfsize + 1));  # Python colon is not inclusive at end, while MATLAB is.\n",
    "    dim = len(sigma);\n",
    "    \n",
    "    if dim == 1:\n",
    "        X = np.array(x);  # Remember that, by default, numpy arrays are elementwise multiplicative\n",
    "        k = -X * np.exp(-X**2/(2 * sigma**2));\n",
    "        \n",
    "    elif dim == 2:\n",
    "        [X, Y] = np.meshgrid(x, x);\n",
    "        k = -X * np.exp(-X**2/(2*sigma[0]^2) * np.exp(-Y**2))\n",
    "        \n",
    "    elif dim == 3:\n",
    "        [X, Y, Z] = np.meshgrid(x, x, x);\n",
    "        X = X.transpose(0, 2, 1);  # Obtained through vigorous testing (see below...)\n",
    "        Y = Y.transpose(2, 0, 1);\n",
    "        Z = Z.transpose(2, 1, 0);\n",
    "        \n",
    "        X = X.astype(float);\n",
    "        Y = Y.astype(float);\n",
    "        Z = Z.astype(float);\n",
    "        k = -X * np.exp(np.divide(-np.power(X, 2), 2 * np.power(sigma[0], 2))) * np.exp(np.divide(-np.power(Y,2), 2 * np.power(sigma[1],2))) * np.exp(np.divide(-np.power(Z,2), 2 * np.power(sigma[2],2)))\n",
    "        \n",
    "    else:\n",
    "        print 'Only supports up to 3 dimensions'\n",
    "        \n",
    "    return np.divide(k, np.sum(np.abs(k[:])));"
   ]
  },
  {
   "cell_type": "code",
   "execution_count": 77,
   "metadata": {
    "collapsed": false
   },
   "outputs": [],
   "source": [
    "'''\n",
    "Function to generate Gaussian kernels, in 1D, 2D and 3D.\n",
    "Source code in MATLAB obtained from Qiyuan Tian, Stanford University, September 2015\n",
    "Edited to work in Python by Tony. \n",
    "'''\n",
    "\n",
    "def gaussgen(sigma):\n",
    "    halfsize = np.ceil(3 * max(sigma));\n",
    "    x = range(np.single(-halfsize), np.single(halfsize + 1));\n",
    "\n",
    "    dim = len(sigma);\n",
    "\n",
    "    if dim == 1:\n",
    "        k = np.exp(-x**2 / (2 * sigma^2));\n",
    "    \n",
    "    elif dim == 2:\n",
    "        [X, Y] = np.meshgrid(x, x);\n",
    "        k = np.exp(-X**2 / (2 * sigma[0]**2)) * np.exp(-Y**2 / (2 * sigma[1]**2)); \n",
    "    \n",
    "    elif dim == 3:\n",
    "        [X, Y, Z] = np.meshgrid(x, x, x);\n",
    "        X = X.transpose(0, 2, 1);  # Obtained through vigorous testing (see below...)\n",
    "        Y = Y.transpose(2, 0, 1);\n",
    "        Z = Z.transpose(2, 1, 0);\n",
    "        \n",
    "        X = X.astype(float);  # WHY PYTHON?\n",
    "        Y = Y.astype(float);\n",
    "        Z = Z.astype(float);\n",
    "        k = np.exp(-X**2 / (2 * sigma[0]**2)) * np.exp(-Y**2 / (2 * sigma[1]**2)) * np.exp(-Z**2 / (2 * sigma[2]**2));\n",
    "    \n",
    "    else:\n",
    "        print 'Only supports up to dimension 3'\n",
    "\n",
    "    return np.divide(k, np.sum(np.abs(k)));"
   ]
  },
  {
   "cell_type": "code",
   "execution_count": 143,
   "metadata": {
    "collapsed": false
   },
   "outputs": [
    {
     "name": "stdout",
     "output_type": "stream",
     "text": [
      "(10, 10, 10, 6)\n"
     ]
    }
   ],
   "source": [
    "## Compare tensor_fsl_data with imported values from MATLAB\n",
    "print tensorfsl.shape  # numpy"
   ]
  },
  {
   "cell_type": "code",
   "execution_count": 80,
   "metadata": {
    "collapsed": true
   },
   "outputs": [],
   "source": [
    "MATLAB_output = nib.load(\"/Users/Tony/Documents/Git Folder/seelviz/Tony/ipynb/test_MATLAB_10by10by10_outputs/dogsig1_gausig2.3/test_MATLAB_tensorfsl_dogsig1_gausig2.3.nii\")"
   ]
  },
  {
   "cell_type": "code",
   "execution_count": 81,
   "metadata": {
    "collapsed": false
   },
   "outputs": [
    {
     "name": "stdout",
     "output_type": "stream",
     "text": [
      "(10, 10, 10, 6)\n"
     ]
    }
   ],
   "source": [
    "print MATLAB_output.shape"
   ]
  },
  {
   "cell_type": "code",
   "execution_count": 97,
   "metadata": {
    "collapsed": false
   },
   "outputs": [
    {
     "name": "stdout",
     "output_type": "stream",
     "text": [
      "(10, 10, 10, 6)\n"
     ]
    }
   ],
   "source": [
    "MATLAB_np_array = MATLAB_output.get_data()\n",
    "print MATLAB_np_array.shape"
   ]
  },
  {
   "cell_type": "code",
   "execution_count": 146,
   "metadata": {
    "collapsed": false
   },
   "outputs": [
    {
     "name": "stdout",
     "output_type": "stream",
     "text": [
      "[[[ 109.85943033  147.37287499  179.26563687  201.37589584  212.3919397\n",
      "    212.3919397   201.37589584  179.26563687  147.37287499  109.85943033]\n",
      "  [ 147.37287499  197.69594847  240.47905765  270.13925545  284.91692228\n",
      "    284.91692228  270.13925545  240.47905765  197.69594847  147.37287499]\n",
      "  [ 179.26563687  240.47905765  292.52080083  328.5997214   346.57540288\n",
      "    346.57540288  328.5997214   292.52080083  240.47905765  179.26563687]\n",
      "  [ 201.37589584  270.13925545  328.5997214   369.12854264  389.32130808\n",
      "    389.32130808  369.12854264  328.5997214   270.13925545  201.37589584]\n",
      "  [ 212.3919397   284.91692228  346.57540288  389.32130808  410.61869621\n",
      "    410.61869621  389.32130808  346.57540288  284.91692228  212.3919397 ]\n",
      "  [ 212.3919397   284.91692228  346.57540288  389.32130808  410.61869621\n",
      "    410.61869621  389.32130808  346.57540288  284.91692228  212.3919397 ]\n",
      "  [ 201.37589584  270.13925545  328.5997214   369.12854264  389.32130808\n",
      "    389.32130808  369.12854264  328.5997214   270.13925545  201.37589584]\n",
      "  [ 179.26563687  240.47905765  292.52080083  328.5997214   346.57540288\n",
      "    346.57540288  328.5997214   292.52080083  240.47905765  179.26563687]\n",
      "  [ 147.37287499  197.69594847  240.47905765  270.13925545  284.91692228\n",
      "    284.91692228  270.13925545  240.47905765  197.69594847  147.37287499]\n",
      "  [ 109.85943033  147.37287499  179.26563687  201.37589584  212.3919397\n",
      "    212.3919397   201.37589584  179.26563687  147.37287499  109.85943033]]\n",
      "\n",
      " [[ 102.01451941  136.84918042  166.46452405  186.99591984  197.22532319\n",
      "    197.22532319  186.99591984  166.46452405  136.84918042  102.01451941]\n",
      "  [ 136.84918042  183.57875205  223.30677825  250.84898216  264.57139616\n",
      "    264.57139616  250.84898216  223.30677825  183.57875205  136.84918042]\n",
      "  [ 166.46452405  223.30677825  271.63229216  305.13486668  321.82692951\n",
      "    321.82692951  305.13486668  271.63229216  223.30677825  166.46452405]\n",
      "  [ 186.99591984  250.84898216  305.13486668  342.76958054  361.52040841\n",
      "    361.52040841  342.76958054  305.13486668  250.84898216  186.99591984]\n",
      "  [ 197.22532319  264.57139616  321.82692951  361.52040841  381.29697939\n",
      "    381.29697939  361.52040841  321.82692951  264.57139616  197.22532319]\n",
      "  [ 197.22532319  264.57139616  321.82692951  361.52040841  381.29697939\n",
      "    381.29697939  361.52040841  321.82692951  264.57139616  197.22532319]\n",
      "  [ 186.99591984  250.84898216  305.13486668  342.76958054  361.52040841\n",
      "    361.52040841  342.76958054  305.13486668  250.84898216  186.99591984]\n",
      "  [ 166.46452405  223.30677825  271.63229216  305.13486668  321.82692951\n",
      "    321.82692951  305.13486668  271.63229216  223.30677825  166.46452405]\n",
      "  [ 136.84918042  183.57875205  223.30677825  250.84898216  264.57139616\n",
      "    264.57139616  250.84898216  223.30677825  183.57875205  136.84918042]\n",
      "  [ 102.01451941  136.84918042  166.46452405  186.99591984  197.22532319\n",
      "    197.22532319  186.99591984  166.46452405  136.84918042  102.01451941]]\n",
      "\n",
      " [[  79.87859737  107.15455673  130.34372749  146.42005751  154.4298035\n",
      "    154.4298035   146.42005751  130.34372749  107.15455673   79.87859737]\n",
      "  [ 107.15455673  143.74437464  174.85189774  196.41777491  207.16259029\n",
      "    207.16259029  196.41777491  174.85189774  143.74437464  107.15455673]\n",
      "  [ 130.34372749  174.85189774  212.69135729  238.92427637  251.99436252\n",
      "    251.99436252  238.92427637  212.69135729  174.85189774  130.34372749]\n",
      "  [ 146.42005751  196.41777491  238.92427637  268.39271027  283.07483424\n",
      "    283.07483424  268.39271027  238.92427637  196.41777491  146.42005751]\n",
      "  [ 154.4298035   207.16259029  251.99436252  283.07483424  298.56012742\n",
      "    298.56012742  283.07483424  251.99436252  207.16259029  154.4298035 ]\n",
      "  [ 154.4298035   207.16259029  251.99436252  283.07483424  298.56012742\n",
      "    298.56012742  283.07483424  251.99436252  207.16259029  154.4298035 ]\n",
      "  [ 146.42005751  196.41777491  238.92427637  268.39271027  283.07483424\n",
      "    283.07483424  268.39271027  238.92427637  196.41777491  146.42005751]\n",
      "  [ 130.34372749  174.85189774  212.69135729  238.92427637  251.99436252\n",
      "    251.99436252  238.92427637  212.69135729  174.85189774  130.34372749]\n",
      "  [ 107.15455673  143.74437464  174.85189774  196.41777491  207.16259029\n",
      "    207.16259029  196.41777491  174.85189774  143.74437464  107.15455673]\n",
      "  [  79.87859737  107.15455673  130.34372749  146.42005751  154.4298035\n",
      "    154.4298035   146.42005751  130.34372749  107.15455673   79.87859737]]\n",
      "\n",
      " [[  54.69336438   73.36938073   89.24714786  100.25470939  105.73903143\n",
      "    105.73903143  100.25470939   89.24714786   73.36938073   54.69336438]\n",
      "  [  73.36938073   98.42265313  119.72216462  134.48845267  141.84549342\n",
      "    141.84549342  134.48845267  119.72216462   98.42265313   73.36938073]\n",
      "  [  89.24714786  119.72216462  145.63107419  163.59291438  172.54208224\n",
      "    172.54208224  163.59291438  145.63107419  119.72216462   89.24714786]\n",
      "  [ 100.25470939  134.48845267  163.59291438  183.77013138  193.82307139\n",
      "    193.82307139  183.77013138  163.59291438  134.48845267  100.25470939]\n",
      "  [ 105.73903143  141.84549342  172.54208224  193.82307139  204.42594628\n",
      "    204.42594628  193.82307139  172.54208224  141.84549342  105.73903143]\n",
      "  [ 105.73903143  141.84549342  172.54208224  193.82307139  204.42594628\n",
      "    204.42594628  193.82307139  172.54208224  141.84549342  105.73903143]\n",
      "  [ 100.25470939  134.48845267  163.59291438  183.77013138  193.82307139\n",
      "    193.82307139  183.77013138  163.59291438  134.48845267  100.25470939]\n",
      "  [  89.24714786  119.72216462  145.63107419  163.59291438  172.54208224\n",
      "    172.54208224  163.59291438  145.63107419  119.72216462   89.24714786]\n",
      "  [  73.36938073   98.42265313  119.72216462  134.48845267  141.84549342\n",
      "    141.84549342  134.48845267  119.72216462   98.42265313   73.36938073]\n",
      "  [  54.69336438   73.36938073   89.24714786  100.25470939  105.73903143\n",
      "    105.73903143  100.25470939   89.24714786   73.36938073   54.69336438]]\n",
      "\n",
      " [[  38.68963919   51.90090047   63.13270326   70.91936242   74.79892705\n",
      "     74.79892705   70.91936242   63.13270326   51.90090047   38.68963919]\n",
      "  [  51.90090047   69.62338047   84.69048089   95.13603248  100.34034302\n",
      "    100.34034302   95.13603248   84.69048089   69.62338047   51.90090047]\n",
      "  [  63.13270326   84.69048089  103.01823188  115.72429098  122.05485924\n",
      "    122.05485924  115.72429098  103.01823188   84.69048089   63.13270326]\n",
      "  [  70.91936242   95.13603248  115.72429098  129.99748957  137.10885725\n",
      "    137.10885725  129.99748957  115.72429098   95.13603248   70.91936242]\n",
      "  [  74.79892705  100.34034302  122.05485924  137.10885725  144.60924436\n",
      "    144.60924436  137.10885725  122.05485924  100.34034302   74.79892705]\n",
      "  [  74.79892705  100.34034302  122.05485924  137.10885725  144.60924436\n",
      "    144.60924436  137.10885725  122.05485924  100.34034302   74.79892705]\n",
      "  [  70.91936242   95.13603248  115.72429098  129.99748957  137.10885725\n",
      "    137.10885725  129.99748957  115.72429098   95.13603248   70.91936242]\n",
      "  [  63.13270326   84.69048089  103.01823188  115.72429098  122.05485924\n",
      "    122.05485924  115.72429098  103.01823188   84.69048089   63.13270326]\n",
      "  [  51.90090047   69.62338047   84.69048089   95.13603248  100.34034302\n",
      "    100.34034302   95.13603248   84.69048089   69.62338047   51.90090047]\n",
      "  [  38.68963919   51.90090047   63.13270326   70.91936242   74.79892705\n",
      "     74.79892705   70.91936242   63.13270326   51.90090047   38.68963919]]\n",
      "\n",
      " [[  38.68963919   51.90090047   63.13270326   70.91936242   74.79892705\n",
      "     74.79892705   70.91936242   63.13270326   51.90090047   38.68963919]\n",
      "  [  51.90090047   69.62338047   84.69048089   95.13603248  100.34034302\n",
      "    100.34034302   95.13603248   84.69048089   69.62338047   51.90090047]\n",
      "  [  63.13270326   84.69048089  103.01823188  115.72429098  122.05485924\n",
      "    122.05485924  115.72429098  103.01823188   84.69048089   63.13270326]\n",
      "  [  70.91936242   95.13603248  115.72429098  129.99748957  137.10885725\n",
      "    137.10885725  129.99748957  115.72429098   95.13603248   70.91936242]\n",
      "  [  74.79892705  100.34034302  122.05485924  137.10885725  144.60924436\n",
      "    144.60924436  137.10885725  122.05485924  100.34034302   74.79892705]\n",
      "  [  74.79892705  100.34034302  122.05485924  137.10885725  144.60924436\n",
      "    144.60924436  137.10885725  122.05485924  100.34034302   74.79892705]\n",
      "  [  70.91936242   95.13603248  115.72429098  129.99748957  137.10885725\n",
      "    137.10885725  129.99748957  115.72429098   95.13603248   70.91936242]\n",
      "  [  63.13270326   84.69048089  103.01823188  115.72429098  122.05485924\n",
      "    122.05485924  115.72429098  103.01823188   84.69048089   63.13270326]\n",
      "  [  51.90090047   69.62338047   84.69048089   95.13603248  100.34034302\n",
      "    100.34034302   95.13603248   84.69048089   69.62338047   51.90090047]\n",
      "  [  38.68963919   51.90090047   63.13270326   70.91936242   74.79892705\n",
      "     74.79892705   70.91936242   63.13270326   51.90090047   38.68963919]]\n",
      "\n",
      " [[  54.69336438   73.36938073   89.24714786  100.25470939  105.73903143\n",
      "    105.73903143  100.25470939   89.24714786   73.36938073   54.69336438]\n",
      "  [  73.36938073   98.42265313  119.72216462  134.48845267  141.84549342\n",
      "    141.84549342  134.48845267  119.72216462   98.42265313   73.36938073]\n",
      "  [  89.24714786  119.72216462  145.63107419  163.59291438  172.54208224\n",
      "    172.54208224  163.59291438  145.63107419  119.72216462   89.24714786]\n",
      "  [ 100.25470939  134.48845267  163.59291438  183.77013138  193.82307139\n",
      "    193.82307139  183.77013138  163.59291438  134.48845267  100.25470939]\n",
      "  [ 105.73903143  141.84549342  172.54208224  193.82307139  204.42594628\n",
      "    204.42594628  193.82307139  172.54208224  141.84549342  105.73903143]\n",
      "  [ 105.73903143  141.84549342  172.54208224  193.82307139  204.42594628\n",
      "    204.42594628  193.82307139  172.54208224  141.84549342  105.73903143]\n",
      "  [ 100.25470939  134.48845267  163.59291438  183.77013138  193.82307139\n",
      "    193.82307139  183.77013138  163.59291438  134.48845267  100.25470939]\n",
      "  [  89.24714786  119.72216462  145.63107419  163.59291438  172.54208224\n",
      "    172.54208224  163.59291438  145.63107419  119.72216462   89.24714786]\n",
      "  [  73.36938073   98.42265313  119.72216462  134.48845267  141.84549342\n",
      "    141.84549342  134.48845267  119.72216462   98.42265313   73.36938073]\n",
      "  [  54.69336438   73.36938073   89.24714786  100.25470939  105.73903143\n",
      "    105.73903143  100.25470939   89.24714786   73.36938073   54.69336438]]\n",
      "\n",
      " [[  79.87859737  107.15455673  130.34372749  146.42005751  154.4298035\n",
      "    154.4298035   146.42005751  130.34372749  107.15455673   79.87859737]\n",
      "  [ 107.15455673  143.74437464  174.85189774  196.41777491  207.16259029\n",
      "    207.16259029  196.41777491  174.85189774  143.74437464  107.15455673]\n",
      "  [ 130.34372749  174.85189774  212.69135729  238.92427637  251.99436252\n",
      "    251.99436252  238.92427637  212.69135729  174.85189774  130.34372749]\n",
      "  [ 146.42005751  196.41777491  238.92427637  268.39271027  283.07483424\n",
      "    283.07483424  268.39271027  238.92427637  196.41777491  146.42005751]\n",
      "  [ 154.4298035   207.16259029  251.99436252  283.07483424  298.56012742\n",
      "    298.56012742  283.07483424  251.99436252  207.16259029  154.4298035 ]\n",
      "  [ 154.4298035   207.16259029  251.99436252  283.07483424  298.56012742\n",
      "    298.56012742  283.07483424  251.99436252  207.16259029  154.4298035 ]\n",
      "  [ 146.42005751  196.41777491  238.92427637  268.39271027  283.07483424\n",
      "    283.07483424  268.39271027  238.92427637  196.41777491  146.42005751]\n",
      "  [ 130.34372749  174.85189774  212.69135729  238.92427637  251.99436252\n",
      "    251.99436252  238.92427637  212.69135729  174.85189774  130.34372749]\n",
      "  [ 107.15455673  143.74437464  174.85189774  196.41777491  207.16259029\n",
      "    207.16259029  196.41777491  174.85189774  143.74437464  107.15455673]\n",
      "  [  79.87859737  107.15455673  130.34372749  146.42005751  154.4298035\n",
      "    154.4298035   146.42005751  130.34372749  107.15455673   79.87859737]]\n",
      "\n",
      " [[ 102.01451941  136.84918042  166.46452405  186.99591984  197.22532319\n",
      "    197.22532319  186.99591984  166.46452405  136.84918042  102.01451941]\n",
      "  [ 136.84918042  183.57875205  223.30677825  250.84898216  264.57139616\n",
      "    264.57139616  250.84898216  223.30677825  183.57875205  136.84918042]\n",
      "  [ 166.46452405  223.30677825  271.63229216  305.13486668  321.82692951\n",
      "    321.82692951  305.13486668  271.63229216  223.30677825  166.46452405]\n",
      "  [ 186.99591984  250.84898216  305.13486668  342.76958054  361.52040841\n",
      "    361.52040841  342.76958054  305.13486668  250.84898216  186.99591984]\n",
      "  [ 197.22532319  264.57139616  321.82692951  361.52040841  381.29697939\n",
      "    381.29697939  361.52040841  321.82692951  264.57139616  197.22532319]\n",
      "  [ 197.22532319  264.57139616  321.82692951  361.52040841  381.29697939\n",
      "    381.29697939  361.52040841  321.82692951  264.57139616  197.22532319]\n",
      "  [ 186.99591984  250.84898216  305.13486668  342.76958054  361.52040841\n",
      "    361.52040841  342.76958054  305.13486668  250.84898216  186.99591984]\n",
      "  [ 166.46452405  223.30677825  271.63229216  305.13486668  321.82692951\n",
      "    321.82692951  305.13486668  271.63229216  223.30677825  166.46452405]\n",
      "  [ 136.84918042  183.57875205  223.30677825  250.84898216  264.57139616\n",
      "    264.57139616  250.84898216  223.30677825  183.57875205  136.84918042]\n",
      "  [ 102.01451941  136.84918042  166.46452405  186.99591984  197.22532319\n",
      "    197.22532319  186.99591984  166.46452405  136.84918042  102.01451941]]\n",
      "\n",
      " [[ 109.85943033  147.37287499  179.26563687  201.37589584  212.3919397\n",
      "    212.3919397   201.37589584  179.26563687  147.37287499  109.85943033]\n",
      "  [ 147.37287499  197.69594847  240.47905765  270.13925545  284.91692228\n",
      "    284.91692228  270.13925545  240.47905765  197.69594847  147.37287499]\n",
      "  [ 179.26563687  240.47905765  292.52080083  328.5997214   346.57540288\n",
      "    346.57540288  328.5997214   292.52080083  240.47905765  179.26563687]\n",
      "  [ 201.37589584  270.13925545  328.5997214   369.12854264  389.32130808\n",
      "    389.32130808  369.12854264  328.5997214   270.13925545  201.37589584]\n",
      "  [ 212.3919397   284.91692228  346.57540288  389.32130808  410.61869621\n",
      "    410.61869621  389.32130808  346.57540288  284.91692228  212.3919397 ]\n",
      "  [ 212.3919397   284.91692228  346.57540288  389.32130808  410.61869621\n",
      "    410.61869621  389.32130808  346.57540288  284.91692228  212.3919397 ]\n",
      "  [ 201.37589584  270.13925545  328.5997214   369.12854264  389.32130808\n",
      "    389.32130808  369.12854264  328.5997214   270.13925545  201.37589584]\n",
      "  [ 179.26563687  240.47905765  292.52080083  328.5997214   346.57540288\n",
      "    346.57540288  328.5997214   292.52080083  240.47905765  179.26563687]\n",
      "  [ 147.37287499  197.69594847  240.47905765  270.13925545  284.91692228\n",
      "    284.91692228  270.13925545  240.47905765  197.69594847  147.37287499]\n",
      "  [ 109.85943033  147.37287499  179.26563687  201.37589584  212.3919397\n",
      "    212.3919397   201.37589584  179.26563687  147.37287499  109.85943033]]]\n"
     ]
    }
   ],
   "source": [
    "print tensorfsl[:, :, :, 0];"
   ]
  },
  {
   "cell_type": "code",
   "execution_count": 147,
   "metadata": {
    "collapsed": false
   },
   "outputs": [
    {
     "name": "stdout",
     "output_type": "stream",
     "text": [
      "[[[ 109.85939789  147.37295532  179.26557922  201.37585449  212.39183044\n",
      "    212.39196777  201.37599182  179.26565552  147.37287903  109.85943604]\n",
      "  [ 147.37289429  197.69589233  240.47901917  270.13919067  284.91690063\n",
      "    284.91680908  270.13919067  240.47918701  197.69593811  147.37290955]\n",
      "  [ 179.26560974  240.47901917  292.52096558  328.59942627  346.57531738\n",
      "    346.57531738  328.59970093  292.52087402  240.47904968  179.26560974]\n",
      "  [ 201.37588501  270.13912964  328.59945679  369.12838745  389.32110596\n",
      "    389.32110596  369.12866211  328.59973145  270.13916016  201.37582397]\n",
      "  [ 212.39186096  284.91671753  346.57528687  389.3210144   410.61871338\n",
      "    410.61868286  389.32144165  346.57556152  284.91680908  212.391922  ]\n",
      "  [ 212.39189148  284.91677856  346.57519531  389.32107544  410.6187439\n",
      "    410.61865234  389.32144165  346.57556152  284.9168396   212.39190674]\n",
      "  [ 201.37590027  270.13916016  328.59954834  369.12850952  389.3213501\n",
      "    389.32125854  369.12860107  328.59979248  270.13919067  201.37588501]\n",
      "  [ 179.26556396  240.47903442  292.52087402  328.59942627  346.5753479\n",
      "    346.57537842  328.59963989  292.52081299  240.47912598  179.26560974]\n",
      "  [ 147.37287903  197.69586182  240.47903442  270.13916016  284.9168396\n",
      "    284.9168396   270.13922119  240.47912598  197.69596863  147.37290955]\n",
      "  [ 109.85939789  147.37290955  179.26556396  201.37585449  212.39178467\n",
      "    212.391922    201.37594604  179.26564026  147.37284851  109.85941315]]\n",
      "\n",
      " [[ 102.014534    136.84910583  166.46453857  186.99604797  197.22549438\n",
      "    197.22535706  186.99586487  166.46455383  136.84922791  102.01452637]\n",
      "  [ 136.84912109  183.57879639  223.30690002  250.84902954  264.5715332\n",
      "    264.57141113  250.84901428  223.30671692  183.5788269   136.84919739]\n",
      "  [ 166.46447754  223.30693054  271.63244629  305.13494873  321.82687378\n",
      "    321.82711792  305.13500977  271.63247681  223.3067627   166.46463013]\n",
      "  [ 186.99597168  250.84910583  305.13497925  342.76980591  361.52059937\n",
      "    361.52053833  342.76980591  305.13500977  250.8490448   186.99595642]\n",
      "  [ 197.22544861  264.57168579  321.82711792  361.52059937  381.29696655\n",
      "    381.29696655  361.52050781  321.82705688  264.57144165  197.22537231]\n",
      "  [ 197.22541809  264.57171631  321.82714844  361.52072144  381.29702759\n",
      "    381.29705811  361.52041626  321.82699585  264.57144165  197.22538757]\n",
      "  [ 186.99597168  250.84901428  305.13491821  342.76983643  361.52056885\n",
      "    361.52056885  342.76980591  305.13497925  250.84901428  186.99594116]\n",
      "  [ 166.46443176  223.30691528  271.63235474  305.13497925  321.8269043\n",
      "    321.82699585  305.13491821  271.63232422  223.30671692  166.46456909]\n",
      "  [ 136.84902954  183.57878113  223.30679321  250.84907532  264.57150269\n",
      "    264.57122803  250.84902954  223.30671692  183.57885742  136.84922791]\n",
      "  [ 102.01451874  136.84913635  166.46455383  186.99594116  197.22543335\n",
      "    197.22531128  186.99591064  166.46459961  136.84924316  102.01452637]]\n",
      "\n",
      " [[  79.87863922  107.15452576  130.34361267  146.41996765  154.42985535\n",
      "    154.42980957  146.42007446  130.34378052  107.15455627   79.87863159]\n",
      "  [ 107.15450287  143.74443054  174.85192871  196.4178772   207.16256714\n",
      "    207.16256714  196.41783142  174.85195923  143.74436951  107.15457153]\n",
      "  [ 130.34365845  174.85188293  212.69116211  238.92424011  251.99429321\n",
      "    251.99436951  238.9243927   212.69125366  174.85192871  130.34375   ]\n",
      "  [ 146.42002869  196.4178772   238.92431641  268.39276123  283.07495117\n",
      "    283.07489014  268.39279175  238.92427063  196.41778564  146.42004395]\n",
      "  [ 154.42984009  207.16252136  251.99432373  283.07476807  298.56033325\n",
      "    298.56033325  283.07510376  251.99430847  207.16256714  154.42980957]\n",
      "  [ 154.42980957  207.16255188  251.99429321  283.07470703  298.56030273\n",
      "    298.56030273  283.07495117  251.9942627   207.16253662  154.42979431]\n",
      "  [ 146.42004395  196.41786194  238.92433167  268.39282227  283.07485962\n",
      "    283.07479858  268.39273071  238.92422485  196.41777039  146.42002869]\n",
      "  [ 130.34362793  174.85188293  212.69116211  238.92417908  251.99417114\n",
      "    251.99427795  238.92430115  212.69129944  174.85194397  130.34376526]\n",
      "  [ 107.15450287  143.74440002  174.85189819  196.41786194  207.16252136\n",
      "    207.16256714  196.41783142  174.85189819  143.74443054  107.15455627]\n",
      "  [  79.87863922  107.1545105   130.34356689  146.41998291  154.42984009\n",
      "    154.42980957  146.42004395  130.34381104  107.15454865   79.87861633]]\n",
      "\n",
      " [[  54.69337463   73.3693924    89.24713898  100.25470734  105.73905182\n",
      "    105.73901367  100.25469208   89.24716187   73.36936951   54.69337463]\n",
      "  [  73.36942291   98.4226532   119.72216797  134.48846436  141.84559631\n",
      "    141.84547424  134.48841858  119.72221375   98.42264557   73.3693924 ]\n",
      "  [  89.24716187  119.7221756   145.631073    163.59286499  172.54206848\n",
      "    172.54211426  163.59295654  145.63108826  119.7221756    89.24716949]\n",
      "  [ 100.25468445  134.4884491   163.59298706  183.77015686  193.82307434\n",
      "    193.82302856  183.7702179   163.59301758  134.4884491   100.25471497]\n",
      "  [ 105.73899841  141.84561157  172.54216003  193.82305908  204.42596436\n",
      "    204.42607117  193.82302856  172.54212952  141.84553528  105.73905182]\n",
      "  [ 105.73902893  141.84562683  172.54217529  193.82305908  204.42593384\n",
      "    204.42607117  193.82304382  172.54212952  141.84553528  105.73905182]\n",
      "  [ 100.25469208  134.48851013  163.5929718   183.77018738  193.8230896\n",
      "    193.82299805  183.77018738  163.59298706  134.48847961  100.25473022]\n",
      "  [  89.24715424  119.72219086  145.631073    163.59288025  172.54206848\n",
      "    172.54212952  163.59291077  145.63108826  119.72221375   89.24714661]\n",
      "  [  73.36943054   98.42262268  119.7221756   134.48841858  141.84555054\n",
      "    141.84547424  134.4884491   119.72219849   98.42266083   73.36937714]\n",
      "  [  54.69337463   73.36938477   89.24713135  100.2547226   105.73904419\n",
      "    105.73902893  100.25469208   89.24714661   73.36936951   54.69337845]]\n",
      "\n",
      " [[  38.6896286    51.90091324   63.13270569   70.91937256   74.79892731\n",
      "     74.79897308   70.91934967   63.13270187   51.90092087   38.68964386]\n",
      "  [  51.90090179   69.62332916   84.69044495   95.13601685  100.34034729\n",
      "    100.34035492   95.13607025   84.69049072   69.62336731   51.90093994]\n",
      "  [  63.13269424   84.69049835  103.0182724   115.72428131  122.05485535\n",
      "    122.05487823  115.72431183  103.01824188   84.69042969   63.1327095 ]\n",
      "  [  70.91933441   95.13603973  115.72428894  129.99749756  137.10888672\n",
      "    137.10882568  129.99746704  115.72427368   95.13601685   70.91936493]\n",
      "  [  74.79892731  100.34033203  122.05487061  137.10902405  144.60922241\n",
      "    144.60914612  137.10887146  122.05486298  100.34030151   74.79893494]\n",
      "  [  74.79893494  100.34033203  122.05486298  137.10899353  144.60922241\n",
      "    144.60910034  137.1088562   122.05483246  100.34027863   74.79896545]\n",
      "  [  70.91933441   95.13604736  115.72429657  129.99752808  137.1089325\n",
      "    137.10881042  129.99742126  115.72428131   95.1360321    70.91937256]\n",
      "  [  63.13269806   84.69047546  103.01828003  115.72428894  122.05484772\n",
      "    122.05487061  115.72433472  103.01828003   84.69044495   63.13273239]\n",
      "  [  51.90092468   69.62333679   84.69042206   95.13600922  100.3403244\n",
      "    100.34034729   95.13606262   84.69049072   69.62337494   51.90092087]\n",
      "  [  38.68962097   51.90090942   63.13270187   70.91937256   74.7989502\n",
      "     74.79895782   70.91934204   63.13270187   51.90092468   38.68964005]]\n",
      "\n",
      " [[  38.68962479   51.90091324   63.13269806   70.9193573    74.79891968\n",
      "     74.79895782   70.9193573    63.13270569   51.90092087   38.68964386]\n",
      "  [  51.90089417   69.6233139    84.69043732   95.13602448  100.34033966\n",
      "    100.34034729   95.13606262   84.69049835   69.62335968   51.90093613]\n",
      "  [  63.13268661   84.69049835  103.0182724   115.72427368  122.05484772\n",
      "    122.05487823  115.72428894  103.01824188   84.69041443   63.13271332]\n",
      "  [  70.91933441   95.13603973  115.7243042   129.99749756  137.10890198\n",
      "    137.10881042  129.99745178  115.72426605   95.13600922   70.91937256]\n",
      "  [  74.79892731  100.34031677  122.05486298  137.10903931  144.60920715\n",
      "    144.60916138  137.10888672  122.05486298  100.34029388   74.79892731]\n",
      "  [  74.79892731  100.34033966  122.05487823  137.10900879  144.60922241\n",
      "    144.6091156   137.10884094  122.05484009  100.34027863   74.79895782]\n",
      "  [  70.91931915   95.13604736  115.72431183  129.99752808  137.1089325\n",
